[15]> ( setf weights '( -90 44 63 -12 ) )
(-90 44 63 -12)
[16]> ( mutation weights )
(-90 18 63 -12)
[17]> weights
(-90 44 63 -12)
[18]> ( mutation weights )
(-90 44 63 74)
[19]> weights
(-90 44 63 -12)
[20]> ( mutation weights )
(-90 44 63 71)
[21]> ( setf s '( 72 3 67 -85 -45 40 ) )
(72 3 67 -85 -45 40)
[22]> ( setf s ( mutation s ) )
(72 3 67 -85 44 40)
[23]> ( setf s ( mutation s ) )
(83 3 67 -85 44 40)
[24]> ( setf s ( mutation s ) )
(83 74 67 -85 44 40)
[25]> ( setf s ( mutation s ) )
(-64 74 67 -85 44 40)
[26]> ( setf x ( weight-string ) )
(62 5 95 -69 51 31 -74 5 12 -73 91 -53 -77 7 35 -99 20 -49 1 57 -11 81 26 31 11 -44 41 92 -90 99 -37 -38 65 -2 -78 -28
 -51 -10 -100 -36 70 -69 91 87 -38 -96 -99 21 -1 67 -69 4 20 -65 -85 20 -59)
[27]> ( setf x ( mutation x ) )
(62 5 -32 -69 51 31 -74 5 12 -73 91 -53 -77 7 35 -99 20 -49 1 57 -11 81 26 31 11 -44 41 92 -90 99 -37 -38 65 -2 -78 -28
 -51 -10 -100 -36 70 -69 91 87 -38 -96 -99 21 -1 67 -69 4 20 -65 -85 20 -59)
[28]> ( setf x ( mutation x ) )
(62 5 -32 -69 51 31 -74 5 12 -73 91 -53 -77 26 35 -99 20 -49 1 57 -11 81 26 31 11 -44 41 92 -90 99 -37 -38 65 -2 -78
 -28 -51 -10 -100 -36 70 -69 91 87 -38 -96 -99 21 -1 67 -69 4 20 -65 -85 20 -59)