[4]> *num-inputs*
56
[5]> ( weight )
-27
[6]> ( weight )
98
[7]> ( weight )
31
[8]> ( weight )
94
[9]> ( list ( weight ) ( weight ) ( weight ) ( weight ) ( weight ) )
(-76 48 -92 -56 64)
[10]> ( list ( weight ) ( weight ) ( weight ) ( weight ) ( weight ) )
(28 -74 -82 49 -71)
[11]> ( weight-string )
(-67 -8 60 -51 -71 68 -73 99 97 -53 88 -38 6 -64 13 30 -42 14 50 61 -13 32 -71 33 44 -8 -77 58 97 -5 -62 -77 73 98 -78
 51 5 89 1 -69 36 -39 -84 -4 71 -72 -5 -23 -35 -91 17 -65 -26 -1 47 -14 82)
[12]> ( weight-string )
(-59 -95 40 -39 -35 -11 78 34 -89 49 17 55 -39 4 12 -51 -61 50 30 14 11 26 -13 -47 56 66 -88 -1 25 79 66 37 -91 -32 -66
 -49 26 42 16 -87 -96 11 70 38 -51 81 28 -93 1 98 40 -93 -6 -12 -83 -21 -57)
[13]> ( weight-string )
(76 34 29 -74 -87 82 63 1 72 3 67 -85 48 -54 -50 29 -74 -12 -93 61 16 -44 72 99 67 49 -75 76 31 7 91 -46 -24 99 73 64
 29 26 54 -48 43 65 44 -25 -56 59 9 -11 -70 65 -90 32 25 -45 -38 -16 -66)
[14]> ( weight-string )
(34 94 75 52 24 -40 -32 22 -100 -46 37 26 41 83 -100 -57 -2 -93 -9 -46 85 -39 26 -55 22 -66 48 -93 51 -39 66 -69 35 -68
 -43 -85 -23 -53 2 69 -91 -86 39 -6 -80 78 -37 -19 -86 80 -5 -26 -18 -25 -94 -55 -14)