[49]> ( mutate-demo )
0
(-49 -70 -92 51 -12 68 44 38 -52 12 96 99 95 -29 -68 67 -42 -35 88 23 -25 21 63 8 -4 55 9 70 91 51 42 91 -51 14 43 -89
 -88 -78 -50 -61 -97 83 -92 18 71 50 25 73 35 68 -76 -28 -33 41 74 -79 62) 10
0
(-49 -70 -92 51 -12 68 44 38 -52 12 96 99 95 -29 -68 67 -42 -35 88 23 -25 21 63 8 -4 55 9 70 91 51 42 91 -51 -6 43 -89
 -88 -78 -50 -61 -97 83 -92 18 71 50 25 73 35 68 -76 -28 -33 41 74 -79 62) 10
0
(-49 -70 -92 51 -12 68 44 38 -52 12 96 99 95 -29 -68 67 -42 -35 88 23 -25 21 63 8 -4 55 9 70 91 51 42 91 -51 -6 43 -89
 -88 6 -50 -61 -97 83 -92 18 71 50 25 73 35 68 -76 -28 -33 41 74 -79 62) 10
0
(-49 -70 -92 51 -12 68 44 38 -52 12 96 99 95 -29 -68 67 -42 -35 88 23 48 21 63 8 -4 55 9 70 91 51 42 91 -51 -6 43 -89
 -88 6 -50 -61 -97 83 -92 18 71 50 25 73 35 68 -76 -28 -33 41 74 -79 62) 10
0
(-49 -70 -92 51 -12 68 44 38 -52 12 96 99 95 -29 -68 67 -42 -35 88 23 48 21 63 8 -4 55 9 70 91 51 42 91 -51 88 43 -89
 -88 6 -50 -61 -97 83 -92 18 71 50 25 73 35 68 -76 -28 -33 41 74 -79 62) 10
0
(-49 -70 -92 51 -12 68 44 38 -52 12 96 99 95 -29 -68 67 -42 12 88 23 48 21 63 8 -4 55 9 70 91 51 42 91 -51 88 43 -89
 -88 6 -50 -61 -97 83 -92 18 71 50 25 73 35 68 -76 -28 -33 41 74 -79 62) 10
0
(-49 -70 -92 51 -12 68 44 38 -52 12 96 99 95 -29 -68 67 -42 12 88 23 48 21 63 8 -4 55 9 70 91 51 42 91 -51 88 43 -89
 -88 6 -50 -61 -97 83 -92 18 71 67 25 73 35 68 -76 -28 -33 41 74 -79 62) 10
0
(-49 -70 -92 -94 -12 68 44 38 -52 12 96 99 95 -29 -68 67 -42 12 88 23 48 21 63 8 -4 55 9 70 91 51 42 91 -51 88 43 -89
 -88 6 -50 -61 -97 83 -92 18 71 67 25 73 35 68 -76 -28 -33 41 74 -79 62) 10
0
(-49 -70 -92 -94 -12 68 44 -64 -52 12 96 99 95 -29 -68 67 -42 12 88 23 48 21 63 8 -4 55 9 70 91 51 42 91 -51 88 43 -89
 -88 6 -50 -61 -97 83 -92 18 71 67 25 73 35 68 -76 -28 -33 41 74 -79 62) 10
0
(-49 -70 -92 -94 -46 68 44 -64 -52 12 96 99 95 -29 -68 67 -42 12 88 23 48 21 63 8 -4 55 9 70 91 51 42 91 -51 88 43 -89
 -88 6 -50 -61 -97 83 -92 18 71 67 25 73 35 68 -76 -28 -33 41 74 -79 62) 10
0
(-49 -70 -92 -94 -46 68 44 -64 -52 12 96 99 95 -29 -68 67 -42 12 88 23 48 21 63 8 -4 55 9 70 91 51 42 91 -51 88 43 -89
 -88 6 -50 -59 -97 83 -92 18 71 67 25 73 35 68 -76 -28 -33 41 74 -79 62) 10
0
(-49 -70 -92 -94 -46 68 44 -64 -52 12 96 99 95 -29 -68 67 -42 12 88 23 48 21 63 8 -4 55 9 70 91 51 42 91 -51 88 43 -89
 -88 6 -50 -59 -97 83 -92 18 71 67 25 73 35 68 -76 -28 95 41 74 -79 62) 10
0
(-49 -70 -92 -94 -46 68 44 -64 -52 12 96 99 -27 -29 -68 67 -42 12 88 23 48 21 63 8 -4 55 9 70 91 51 42 91 -51 88 43 -89
 -88 6 -50 -59 -97 83 -92 18 71 67 25 73 35 68 -76 -28 95 41 74 -79 62) 10
0
(-49 -70 -92 -94 -46 68 34 -64 -52 12 96 99 -27 -29 -68 67 -42 12 88 23 48 21 63 8 -4 55 9 70 91 51 42 91 -51 88 43 -89
 -88 6 -50 -59 -97 83 -92 18 71 67 25 73 35 68 -76 -28 95 41 74 -79 62) 10
0
(-49 -70 -92 -94 -46 68 34 -64 -52 12 96 99 -27 -29 -68 67 -42 12 88 23 48 21 63 -68 -4 55 9 70 91 51 42 91 -51 88 43
 -89 -88 6 -50 -59 -97 83 -92 18 71 67 25 73 35 68 -76 -28 95 41 74 -79 62) 10
0
(-49 -70 -92 -94 -46 68 34 -64 -52 12 96 99 -27 -29 -68 67 -42 12 88 23 48 21 63 -68 -4 55 9 70 91 -26 42 91 -51 88 43
 -89 -88 6 -50 -59 -97 83 -92 18 71 67 25 73 35 68 -76 -28 95 41 74 -79 62) 10
0
(-49 -70 -92 -18 -46 68 34 -64 -52 12 96 99 -27 -29 -68 67 -42 12 88 23 48 21 63 -68 -4 55 9 70 91 -26 42 91 -51 88 43
 -89 -88 6 -50 -59 -97 83 -92 18 71 67 25 73 35 68 -76 -28 95 41 74 -79 62) 10
0
(-49 -70 -92 -18 -46 68 34 -64 -52 12 96 99 -27 -29 -68 67 -42 12 88 23 48 21 63 -68 -4 55 9 70 91 -26 42 91 -51 88 43
 84 -88 6 -50 -59 -97 83 -92 18 71 67 25 73 35 68 -76 -28 95 41 74 -79 62) 10
0
(-49 -70 -92 -18 -46 68 34 -64 -52 12 96 99 -27 -29 -68 67 -42 12 88 23 48 21 63 -68 -4 55 9 70 91 -26 42 91 -51 88 43
 84 -88 6 -50 -59 -97 83 -92 18 71 67 25 73 35 68 -76 -9 95 41 74 -79 62) 10
0
(-49 -70 -92 -18 -46 68 34 -64 -52 12 96 99 -27 -29 -68 67 -42 12 88 23 71 21 63 -68 -4 55 9 70 91 -26 42 91 -51 88 43
 84 -88 6 -50 -59 -97 83 -92 18 71 67 25 73 35 68 -76 -9 95 41 74 -79 62) 10
0
(-49 -70 -92 -18 -46 68 34 -64 -52 12 96 99 -27 -29 -68 67 -42 12 88 23 71 21 63 -68 -4 55 9 70 91 -26 42 91 -51 88 43
 84 -88 6 -50 -59 -97 83 -92 18 71 67 25 73 35 68 -76 -9 -47 41 74 -79 62) 10
NIL
[50]> ( maybe-mutate-demo )
0
(-46 -33 -1 -21 25 71 -34 -65 76 9 -3 89 -5 -17 59 -51 -61 -6 35 15 -51 29 -100 -45 61 72 -72 -19 45 32 -65 -88 89 75
 -77 25 -45 -49 3 -29 -17 -70 -93 3 -98 -95 -32 -13 -12 -93 -41 8 -20 13 -51 -26 49) -10
0
(-46 -33 -1 -21 66 71 -34 -65 76 9 -3 89 -5 -17 59 -51 -61 -6 35 15 -51 29 -100 -45 61 72 -72 -19 45 32 -65 -88 89 75
 -77 25 -45 -49 3 -29 -17 -70 -93 3 -98 -95 -32 -13 -12 -93 -41 8 -20 13 -51 -26 49) -10  *
0
(-46 -33 -1 -21 66 71 -34 -65 76 9 -3 89 -5 -17 59 -51 -61 -6 35 15 -51 29 -100 -45 61 72 -72 -19 45 32 -65 -88 89 75
 -77 25 -45 -49 3 -29 -17 -70 -93 3 -98 -95 -32 -13 -12 -93 -41 8 -20 13 -51 -26 49) -10
0
(-46 -33 -1 -21 66 71 -34 -65 76 9 -3 89 -5 -17 59 -51 -61 -6 35 15 -51 29 -100 -45 61 72 -72 -19 45 32 -65 -88 89 75
 -77 25 -45 -49 3 -29 -17 -70 -93 3 -98 -95 -32 -13 -12 -93 -41 8 -20 13 -51 -26 49) -10
0
(-46 -33 -100 -21 66 71 -34 -65 76 9 -3 89 -5 -17 59 -51 -61 -6 35 15 -51 29 -100 -45 61 72 -72 -19 45 32 -65 -88 89 75
 -77 25 -45 -49 3 -29 -17 -70 -93 3 -98 -95 -32 -13 -12 -93 -41 8 -20 13 -51 -26 49) -10  *
0
(-46 -33 -100 -21 66 21 -34 -65 76 9 -3 89 -5 -17 59 -51 -61 -6 35 15 -51 29 -100 -45 61 72 -72 -19 45 32 -65 -88 89 75
 -77 25 -45 -49 3 -29 -17 -70 -93 3 -98 -95 -32 -13 -12 -93 -41 8 -20 13 -51 -26 49) -10  *
0
(-46 -33 -100 -21 66 21 -34 -65 76 9 -3 89 -5 -17 59 -51 -61 -6 35 15 -51 29 -100 -45 61 72 -72 -19 45 32 -65 -88 89 75
 -77 25 -45 -49 3 -29 -17 -70 -93 3 -98 -95 -32 -13 -12 -93 -41 8 -20 13 -51 -26 49) -10
0
(-46 -33 -100 -21 66 21 -34 -65 76 9 -3 89 -5 -17 59 -51 -61 -6 35 15 -51 29 -100 -45 61 72 -72 -19 45 32 -65 -88 89 75
 -77 25 -45 -49 3 -29 -17 -70 -93 3 -98 -95 -32 -13 -12 -93 -41 8 -20 13 -51 -26 49) -10
0
(-46 -33 -100 -21 66 21 -34 -65 76 9 -3 89 -5 -17 59 -51 -61 -6 35 15 -51 29 -100 -45 61 72 -72 -19 45 32 -65 -88 89 75
 -77 25 -45 -49 3 -29 -17 -70 45 3 -98 -95 -32 -13 -12 -93 -41 8 -20 13 -51 -26 49) -10  *
0
(-46 -33 -100 -21 66 21 -34 -65 76 9 -3 89 -5 -17 59 -51 -61 -6 35 15 -51 29 -100 -45 61 72 -72 -19 45 32 -65 -88 89 75
 -77 25 -45 -49 3 -29 -17 -70 45 3 -98 -95 -32 -13 -12 -93 -41 8 -20 13 -51 -26 49) -10
0
(-46 -33 -100 -21 66 21 -34 -65 76 9 -3 89 -5 -17 59 -51 -61 -6 35 15 -51 29 -100 -45 61 72 -72 -19 45 32 -65 -88 89 75
 -77 25 -45 -49 3 -29 -17 -70 45 3 -98 -95 -32 -13 -12 -93 -41 8 -20 13 -51 -26 49) -10
0
(-46 -33 -100 -21 66 21 -34 -65 76 9 -3 89 -5 -17 59 -51 -61 -6 35 15 -51 29 -100 -45 61 72 -72 -19 45 32 -65 -88 89 75
 -77 25 -45 -49 3 -29 -17 -70 45 3 -98 -95 -32 -13 -12 -93 -41 8 -20 13 -51 -26 49) -10
0
(-46 -33 -100 -21 66 21 -34 -65 76 9 -3 89 -5 -17 59 -51 -61 -6 35 15 -51 29 -100 -45 61 72 -72 -19 45 32 -65 -88 89 75
 -77 25 -45 -49 3 -29 -17 -70 45 3 -98 -95 -32 -13 -12 -93 -41 8 -20 13 -51 -26 49) -10
0
(-46 -33 -100 -21 66 21 -34 -65 76 9 -3 89 -5 -17 59 -51 -61 -6 35 15 -51 29 -100 -45 61 72 -72 -19 45 32 -65 -88 89 75
 -77 25 -45 -49 3 -29 -17 -70 45 3 -98 -95 -32 -13 -12 -93 -41 8 -20 13 -51 -26 49) -10
0
(-46 -33 -100 -21 66 21 -34 -65 76 9 -3 89 -5 -17 59 -51 -61 -6 35 15 -51 29 -100 -45 61 72 -72 -19 45 32 -65 -88 89 75
 -77 25 -45 -49 3 -29 -17 -70 45 3 -98 -95 -32 -13 -12 -93 -41 8 -20 13 -51 -26 49) -10
0
(-46 -33 -100 -21 66 21 -34 -65 76 9 -3 89 -5 -17 59 -51 -61 -6 35 15 -51 29 -100 -45 61 72 -72 -19 45 32 -65 -88 89 75
 -77 25 -45 -49 3 -29 -17 -70 45 3 -98 -95 -32 -13 -12 -93 -41 8 -20 13 -51 -26 49) -10
0
(-46 -33 -100 -21 66 21 -34 -65 76 9 -3 89 -5 -17 59 -51 -61 -6 35 15 -51 29 -100 -45 61 72 -72 -19 45 32 -65 -88 89 75
 -77 25 -45 -49 3 -29 -17 -70 45 3 -98 -95 -32 -13 -12 -93 -41 8 -20 13 -51 -26 49) -10
0
(-46 -33 -100 -21 66 21 -34 -65 76 9 -3 89 -5 -17 59 -51 -61 -6 35 15 -51 29 -100 -45 61 72 -72 -19 45 32 -65 -88 89 75
 -77 25 -45 -49 3 -29 -17 -70 45 3 -98 -95 -32 -13 -12 -93 -41 8 -20 13 -51 -26 49) -10
0
(-46 -33 -100 -21 66 21 -34 -65 76 9 -3 89 -5 -17 59 -51 -61 -6 35 15 -51 29 15 -45 61 72 -72 -19 45 32 -65 -88 89 75
 -77 25 -45 -49 3 -29 -17 -70 45 3 -98 -95 -32 -13 -12 -93 -41 8 -20 13 -51 -26 49) -10  *
0
(-46 -33 -100 -21 66 21 -34 -65 76 9 -3 89 -5 -17 59 -51 -61 -6 35 15 -51 29 15 -45 61 72 -72 -19 45 32 -65 -88 89 75
 -77 25 -45 -49 3 -29 -17 -70 45 3 -98 -95 -32 -13 -12 -93 -41 8 -20 13 -51 -26 49) -10
0
(-46 -33 -100 -21 66 21 -34 -65 76 9 -3 89 -5 -17 59 -51 -61 -6 35 15 -51 29 15 -45 61 72 -72 -19 45 32 -65 -88 89 75
 -77 25 -45 -49 3 -29 -17 -70 45 3 -98 -95 -32 -13 -12 -93 -41 8 -20 13 -51 -26 49) -10
NIL