[29]> ( setf m '( -36 70 -69 91 87 -1 4 ) )
(-36 70 -69 91 87 -1 4)
[30]> ( setf f '( -74 -88 39 11 -1 20 65 ) )
(-74 -88 39 11 -1 20 65)
[31]> ( crossover m f )
(-74 -88 -69 11 -1 20 65)
[32]> ( crossover m f )
(-74 -88 39 11 -1 20 65)
[33]> ( crossover m f )
(-36 70 -69 11 -1 -1 4)
[34]> ( crossover m f )
(-74 -88 39 11 87 20 65)
[35]> m
(-36 70 -69 91 87 -1 4)
[36]> f
(-74 -88 39 11 -1 20 65)
[37]> ( setf m ( weight-string ) )
(55 65 -82 35 16 36 56 45 -1 82 -78 -82 -3 74 28 9 -12 -59 -69 47 4 -86 -32 4 77 65 -8 -56 3 66 -100 -34 -30 29 -55 -74
 -16 -71 7 -4 34 -8 20 -55 -92 31 -56 -17 -21 -64 -32 -25 -100 34 -3 77 85)
[38]> ( setf f ( weight-string ) )
(77 68 96 -87 -71 -26 20 -90 -73 32 82 0 4 82 45 -99 99 -62 -27 -7 73 64 30 -5 -15 17 24 -20 87 -50 -57 68 -41 84 66
 -42 -58 44 45 41 78 -86 64 40 68 73 72 -87 -60 -61 -76 -49 -47 75 0 58 31)
[39]> ( crossover m f )
(77 68 96 -87 -71 -26 20 -90 -73 32 82 0 -3 74 28 9 -12 -59 -69 47 4 -86 -32 4 77 65 -8 -56 3 66 -100 -34 -30 29 -55
 -74 -16 -71 7 -4 34 -8 20 -55 -92 31 72 -87 -60 -61 -76 -49 -47 75 0 58 31)
[40]> ( crossover m f )
(55 65 -82 35 16 36 56 45 -1 82 -78 -82 -3 74 28 9 -12 -59 -69 47 4 -86 -32 4 77 65 -8 -56 3 66 -100 -34 -30 84 66 -42
 -58 44 45 -4 34 -8 20 -55 -92 31 -56 -17 -21 -64 -32 -25 -100 34 -3 77 85)
[41]> ( crossover m f )
(77 68 96 35 16 36 56 45 -1 82 -78 -82 -3 74 28 9 -12 -59 -69 47 4 -86 30 -5 -15 17 24 -20 87 -50 -57 68 -41 84 66 -42
 -58 44 45 41 78 -86 64 40 68 73 72 -87 -60 -61 -76 -49 -47 75 0 58 31)
[42]> m
(55 65 -82 35 16 36 56 45 -1 82 -78 -82 -3 74 28 9 -12 -59 -69 47 4 -86 -32 4 77 65 -8 -56 3 66 -100 -34 -30 29 -55 -74
 -16 -71 7 -4 34 -8 20 -55 -92 31 -56 -17 -21 -64 -32 -25 -100 34 -3 77 85)
[43]> f
(77 68 96 -87 -71 -26 20 -90 -73 32 82 0 4 82 45 -99 99 -62 -27 -7 73 64 30 -5 -15 17 24 -20 87 -50 -57 68 -41 84 66
 -42 -58 44 45 41 78 -86 64 40 68 73 72 -87 -60 -61 -76 -49 -47 75 0 58 31)