[47]> ( individual-demo )
0
(42 -98 -51 -28 21 42 -53 -41 87 94 -69 -46 62 -62 81 91 12 50 -26 86 23 40 5 -94 64 80 6 9 14 12 13 -94 -70 -41 33 -39
 34 20 56 51 -72 39 -8 -43 -53 49 -75 60 -69 54 -49 -13 -89 -32 91 2 -16) 50
1
(-77 -32 -92 -75 80 73 63 71 -91 -48 14 93 -6 7 15 79 -12 38 -41 -11 91 98 92 -41 13 66 -32 44 -85 67 90 70 81 3 30 66
 17 -80 -21 75 -33 -56 -30 21 -53 79 3 -52 76 63 -30 -35 -39 -87 -4 41 -23) 20
2
(-49 68 -24 2 36 98 -6 52 -63 1 -51 -35 -96 87 -36 92 -79 -10 83 48 -78 79 -98 88 97 92 -30 -12 34 51 9 -88 -74 80 81
 -11 32 50 -85 10 -8 11 -59 -99 25 66 18 -11 -11 58 95 25 -42 -37 23 -88 -43) -30
3
(-42 -34 89 -43 83 -9 66 -66 92 -72 -52 13 -63 74 3 -48 45 -36 -23 -27 -99 39 -31 -46 94 -55 -42 -44 -74 21 3 74 -48 23
 51 -15 18 -94 -87 -88 -32 20 -41 -92 -48 71 -31 -69 -34 32 -80 -14 8 89 -30 97 -14) 0
Fitness of i0 = 50
Fitness of i1 = 20
Fitness of i2 = -30
Fitness of i3 = 0
NIL