[51]> ( perform-copies-demo )
-------------------------------------------------------------------------




Generation 1 population ...




-------------------------------------------------------------------------
the sample of individuals ...
45
(-13 -68 -77 94 70 38 80 67 -1 -22 24 -18 25 30 92 -47 -72 12 -41 37 39 -74 -46 67 -20 80 56 59 73 4 -31 31 19 -42 80
 -98 -76 80 -25 36 75 92 -48 -74 64 -40 3 49 -29 -45 -91 82 20 -54 30 20 -54) 10
74
(66 -94 -81 23 -19 -79 64 87 -95 63 -22 -47 -33 -15 28 15 -53 95 49 -8 45 29 -7 -83 68 -78 -99 19 -72 -77 -43 -10 29
 -65 -93 34 -11 -22 -96 -30 -60 -76 36 -92 -61 41 80 -96 -16 -79 6 30 -45 24 -44 47 -48) -10
18
(76 -47 -54 -73 -35 28 -7 31 -80 86 0 94 14 4 -100 85 -92 -27 -87 34 50 -74 -74 -25 54 22 62 89 65 -87 -1 43 80 48 13
 98 2 69 54 -95 46 -39 -75 -91 44 -97 17 24 1 8 -91 -23 61 -72 -17 23 -41) 10
23
(69 61 -1 -64 9 23 -8 51 20 35 -48 46 -42 -34 14 -4 18 -66 43 8 9 5 -3 -51 70 -44 38 -90 -30 -52 -77 -84 39 -92 39 37
 -17 -56 87 -46 -91 -90 94 54 -48 -87 57 20 -19 -8 -70 -17 -4 -98 55 -22 -48) -20
82
(-10 -39 52 51 39 -71 2 65 -48 79 86 -70 83 -49 62 50 -29 -96 -27 86 -94 79 66 80 69 11 -33 77 68 -96 19 64 -51 -50 -70
 54 -16 65 91 -22 -46 33 95 -87 20 -30 -33 53 75 -5 -60 60 56 16 -10 -88 48) 20
26
(3 -20 -37 -1 33 -12 -8 49 32 -7 -56 3 -46 48 65 22 28 -88 88 -54 23 85 73 -65 -57 -8 41 19 61 27 39 73 -18 -33 -100
 -10 -29 8 97 21 -46 5 -49 -30 -30 -30 86 -40 -71 0 17 12 -41 10 6 90 50) -20
63
(16 -61 66 39 -92 63 99 -30 59 49 75 -58 -74 -44 -94 -6 -96 95 88 68 -70 4 -60 4 15 -61 95 -88 -89 94 40 -40 -99 -28 48
 -87 -77 33 -42 -44 -85 2 -69 15 -75 67 -52 81 -50 -77 69 -64 -66 21 10 -12 23) -20
90
(-75 -82 -38 20 79 -88 -45 -81 40 -91 -20 -32 3 90 85 -32 3 94 -7 71 90 13 -34 -51 -27 55 8 -8 -77 89 69 19 -5 -15 48
 67 77 -93 56 74 -90 48 -33 86 46 52 -26 -55 -61 -26 -26 97 86 -70 95 -73 -92) -20
1
(47 97 -42 11 -36 73 87 32 95 -45 42 9 55 -87 3 -99 -19 -33 97 -11 -65 -74 -78 10 71 90 27 -67 75 30 -93 38 -50 -19 63
 16 11 -55 21 -95 -25 30 -85 52 54 22 -1 9 42 44 23 -38 -38 -5 33 30 -74) -70
77
(16 89 3 -60 46 34 -46 68 -79 5 -37 49 -46 -10 87 -19 9 55 -15 9 -1 -43 58 54 81 49 84 99 -38 15 -7 36 32 80 28 -33 -60
 82 12 87 28 -4 62 -61 42 85 -54 94 -76 76 67 71 -4 23 -95 -39 39) 10
55
(-36 95 -86 13 -84 46 -9 72 73 -34 -14 -22 85 -13 25 6 74 69 7 80 -79 53 -24 -47 -90 67 23 -75 -57 -94 18 -66 58 -32
 -14 96 -3 -16 62 -68 -58 18 56 -88 -5 -40 -28 -28 17 41 94 -19 -56 -48 26 75 -85) 0
77
(16 89 3 -60 46 34 -46 68 -79 5 -37 49 -46 -10 87 -19 9 55 -15 9 -1 -43 58 54 81 49 84 99 -38 15 -7 36 32 80 28 -33 -60
 82 12 87 28 -4 62 -61 42 85 -54 94 -76 76 67 71 -4 23 -95 -39 39) 10
44
(79 26 -79 -89 -13 19 -57 -37 42 -84 73 -7 91 -49 89 -88 96 25 75 60 73 -83 10 46 -40 41 71 -40 21 -10 31 -93 65 82 84
 3 -27 -97 65 55 50 75 8 -5 72 -8 -2 24 -38 12 -13 73 -26 88 -11 -26 -64) 10
48
(31 -9 -63 98 11 -81 84 -49 42 -7 -72 -66 -65 -100 61 91 -88 10 -95 70 -96 0 -100 -60 -49 32 -29 27 -25 41 31 63 -10
 -20 69 10 -63 -98 -18 -91 69 83 95 2 -74 -57 72 28 75 37 87 -29 -74 66 -68 91 -98) 0
25
(82 -96 -41 79 61 -33 96 62 -75 62 -3 3 6 -63 -7 86 -22 43 60 -78 -15 69 -94 -100 74 -43 -30 -47 21 82 -71 86 -86 -38
 -73 80 65 -89 87 -28 11 11 2 94 -11 -78 -38 -92 -86 -89 1 -70 95 43 97 30 -9) 0
55
(-36 95 -86 13 -84 46 -9 72 73 -34 -14 -22 85 -13 25 6 74 69 7 80 -79 53 -24 -47 -90 67 23 -75 -57 -94 18 -66 58 -32
 -14 96 -3 -16 62 -68 -58 18 56 -88 -5 -40 -28 -28 17 41 94 -19 -56 -48 26 75 -85) 0

the most fit of the sample ...
82
(-10 -39 52 51 39 -71 2 65 -48 79 86 -70 83 -49 62 50 -29 -96 -27 86 -94 79 66 80 69 11 -33 77 68 -96 19 64 -51 -50 -70
 54 -16 65 91 -22 -46 33 95 -87 20 -30 -33 53 75 -5 -60 60 56 16 -10 -88 48) 20

Selected individual =
82
(-10 -39 52 51 39 -71 2 65 -48 79 86 -70 83 -49 62 50 -29 -96 -27 86 -94 79 66 80 69 11 -33 77 68 -96 19 64 -51 -50 -70
 54 -16 65 91 -22 -46 33 95 -87 20 -30 -33 53 75 -5 -60 60 56 16 -10 -88 48) 20
Possibly muted individual =
82
(-10 -39 52 51 39 -71 2 65 -48 79 86 -70 83 -49 62 50 -29 -96 -27 86 -94 79 66 80 69 11 -33 77 68 -96 19 64 -51 -50 -70
 54 -16 65 91 -22 -46 33 95 -87 20 -30 -33 53 75 -5 -60 60 56 16 -10 -88 48) 20
Renumbered individual =
1
(-10 -39 52 51 39 -71 2 65 -48 79 86 -70 83 -49 62 50 -29 -96 -27 86 -94 79 66 80 69 11 -33 77 68 -96 19 64 -51 -50 -70
 54 -16 65 91 -22 -46 33 95 -87 20 -30 -33 53 75 -5 -60 60 56 16 -10 -88 48) 20
-------------------------------------------------------------------------




Generation 1 population ...

1
(-10 -39 52 51 39 -71 2 65 -48 79 86 -70 83 -49 62 50 -29 -96 -27 86 -94 79 66 80 69 11 -33 77 68 -96 19 64 -51 -50 -70
 54 -16 65 91 -22 -46 33 95 -87 20 -30 -33 53 75 -5 -60 60 56 16 -10 -88 48) 20



-------------------------------------------------------------------------
the sample of individuals ...
43
(33 82 79 -43 -79 32 -59 68 -27 52 77 -91 32 14 -71 -58 -38 -96 94 -17 47 -46 -82 54 46 53 48 26 -60 42 85 -78 -23 -70
 -37 -75 -48 -10 -93 -79 -38 -34 -84 94 33 68 80 -6 71 -8 21 -99 -42 -13 -85 -67 40) 10
90
(-75 -82 -38 20 79 -88 -45 -81 40 -91 -20 -32 3 90 85 -32 3 94 -7 71 90 13 -34 -51 -27 55 8 -8 -77 89 69 19 -5 -15 48
 67 77 -93 56 74 -90 48 -33 86 46 52 -26 -55 -61 -26 -26 97 86 -70 95 -73 -92) -20
100
(-62 -71 -87 -90 24 -19 -79 35 27 -74 27 74 -94 -83 -46 -46 48 0 -56 32 -21 16 -38 -77 -81 13 0 -25 -21 -17 -24 28 -47
 -20 -46 62 96 -25 3 45 -76 -99 60 5 34 -24 83 45 30 -10 79 -55 8 -15 -11 50 -40) -20
22
(-32 88 -75 -2 18 -98 55 57 39 -55 8 -10 -26 16 19 -71 -34 72 6 -50 70 56 13 -80 84 12 86 -44 -49 -59 29 -90 32 45 80
 -56 82 5 -53 1 -88 81 27 -94 61 -80 -52 16 12 70 93 95 -96 -84 0 -61 98) -40
64
(-9 14 -5 3 85 -10 -99 -20 85 -76 -81 67 -6 7 -62 -36 -85 88 12 94 58 -59 -60 -18 64 -1 7 51 46 -66 0 -63 -92 58 89 48
 -4 25 37 -84 77 22 25 29 -62 38 -60 -17 -13 -5 -52 81 25 -5 -38 -57 -60) 80
20
(-6 -33 -49 9 48 34 18 -86 85 9 73 76 -95 3 64 5 -82 24 64 -94 51 -38 79 -53 75 -2 -19 52 85 85 -50 -20 -91 -57 -83 64
 96 61 -27 15 65 -92 -64 61 64 7 -94 42 64 -85 53 98 -97 51 -52 21 95) -20
62
(9 -78 79 46 55 5 29 -75 -97 26 -51 -9 47 40 97 -15 -41 91 -7 -20 -35 -84 -17 -18 -95 61 50 26 -55 -57 -18 -99 52 14
 -56 -15 88 -79 -75 69 -98 44 98 25 59 8 -37 11 48 80 62 -73 -64 -60 -58 96 -89) -40
50
(69 66 -39 96 -2 63 -36 -85 56 -12 -19 -61 -52 -30 3 -37 47 -84 -71 23 18 20 -90 42 -30 18 53 -94 -65 -54 -4 -31 30 -20
 -74 28 1 -44 -30 -59 36 -62 -52 42 -72 18 10 -42 -78 -29 -66 94 51 -55 -23 67 -89) 0
7
(-18 57 -41 89 21 -11 28 -56 -41 28 60 17 -99 83 -74 -11 42 55 -100 32 -26 91 -93 -45 85 -90 -42 91 -18 -12 -47 10 -42
 98 16 51 -35 93 0 -72 -58 74 -38 -2 -30 -75 -43 -58 -85 -44 -53 -52 99 27 -70 89 4) -20
70
(-26 -69 -50 94 -5 25 97 40 75 14 -62 15 -93 -21 90 -18 27 34 50 17 72 20 -68 45 -53 5 -41 -27 -8 -28 -90 -99 -14 -74
 64 -72 13 -78 -9 92 -40 -60 3 -54 91 -92 -58 49 -67 -10 40 82 -78 -22 10 -85 -67) -10
38
(13 50 73 91 -41 2 94 -72 -19 -77 -72 18 -37 43 -12 22 11 -73 48 -50 -8 -25 -72 -47 61 -41 -63 -16 86 70 -89 -7 -53 49
 -55 85 34 -65 66 51 60 -52 88 -11 -67 96 -33 -7 -73 15 -12 55 69 1 28 71 82) -10
40
(-69 -69 -29 -22 4 93 0 76 -76 -96 29 90 -83 35 -67 -15 96 -18 3 -32 38 80 0 -21 38 -5 50 43 28 52 18 74 86 -67 -5 -7
 -1 4 16 -12 -1 -44 85 82 39 98 90 95 55 -97 -67 -52 17 42 63 28 -27) 10
41
(-3 -84 87 69 -67 21 -39 -23 -75 48 -30 75 2 -84 -11 33 70 56 43 -40 30 -85 7 -75 -50 43 58 -12 26 -15 -50 -60 53 9 85
 7 29 4 -94 -12 -21 95 12 -50 -3 -12 -64 12 5 63 62 -31 -23 -80 65 84 -5) 10
71
(99 13 87 66 90 42 58 82 -14 18 15 -71 36 -19 44 41 -37 -83 -37 -81 55 -46 -55 18 -69 61 -88 -71 97 80 15 84 -69 -54 55
 72 42 62 -67 86 -23 27 -75 66 80 -61 -53 94 -100 -18 34 22 -93 -18 -1 76 75) 30
95
(-24 74 -94 75 94 17 -84 -91 70 85 -51 85 57 -16 3 -34 -46 -86 95 27 -78 70 97 21 -53 59 -55 -62 -97 83 -27 35 -79 93 0
 59 -40 44 23 37 -87 -65 -92 -100 -12 -15 85 91 -60 -87 -44 13 -87 89 23 -45 31) 30
59
(-67 28 43 -73 -82 -25 25 -71 -58 23 -59 -76 -40 -19 -16 95 -91 -29 -8 73 -32 -17 55 24 34 5 -38 21 -75 51 -44 -44 83
 -3 2 -10 -33 89 -97 89 -72 -30 80 -60 83 -64 39 -98 80 -12 74 -26 -78 69 -29 34 25) 0

the most fit of the sample ...
64
(-9 14 -5 3 85 -10 -99 -20 85 -76 -81 67 -6 7 -62 -36 -85 88 12 94 58 -59 -60 -18 64 -1 7 51 46 -66 0 -63 -92 58 89 48
 -4 25 37 -84 77 22 25 29 -62 38 -60 -17 -13 -5 -52 81 25 -5 -38 -57 -60) 80

Selected individual =
64
(-9 14 -5 3 85 -10 -99 -20 85 -76 -81 67 -6 7 -62 -36 -85 88 12 94 58 -59 -60 -18 64 -1 7 51 46 -66 0 -63 -92 58 89 48
 -4 25 37 -84 77 22 25 29 -62 38 -60 -17 -13 -5 -52 81 25 -5 -38 -57 -60) 80
Possibly muted individual =
64
(-9 14 -5 3 85 -10 -99 -20 85 -76 -81 67 -6 7 -62 -36 -85 88 12 94 58 -59 -60 -18 64 -1 7 51 46 -66 0 -63 -92 58 89 48
 -4 25 37 -84 77 22 25 29 -62 38 -60 -17 -13 -5 -52 81 25 -5 -38 -57 -60) 80
Renumbered individual =
2
(-9 14 -5 3 85 -10 -99 -20 85 -76 -81 67 -6 7 -62 -36 -85 88 12 94 58 -59 -60 -18 64 -1 7 51 46 -66 0 -63 -92 58 89 48
 -4 25 37 -84 77 22 25 29 -62 38 -60 -17 -13 -5 -52 81 25 -5 -38 -57 -60) 80
-------------------------------------------------------------------------




Generation 1 population ...

1
(-10 -39 52 51 39 -71 2 65 -48 79 86 -70 83 -49 62 50 -29 -96 -27 86 -94 79 66 80 69 11 -33 77 68 -96 19 64 -51 -50 -70
 54 -16 65 91 -22 -46 33 95 -87 20 -30 -33 53 75 -5 -60 60 56 16 -10 -88 48) 20
2
(-9 14 -5 3 85 -10 -99 -20 85 -76 -81 67 -6 7 -62 -36 -85 88 12 94 58 -59 -60 -18 64 -1 7 51 46 -66 0 -63 -92 58 89 48
 -4 25 37 -84 77 22 25 29 -62 38 -60 -17 -13 -5 -52 81 25 -5 -38 -57 -60) 80



-------------------------------------------------------------------------
the sample of individuals ...
12
(61 66 42 25 87 -45 -53 -74 30 84 -80 13 63 -8 62 46 -83 -99 77 -43 -88 69 -54 66 19 -19 -97 98 -69 71 -55 27 13 -86 7
 17 63 95 79 -74 36 27 -14 -53 66 18 -28 26 -19 48 16 70 -4 48 48 -1 -80) 20
96
(-7 -89 35 -97 3 51 -99 91 -25 44 23 28 63 96 16 22 -39 -15 -73 -40 66 77 -85 -1 7 -18 82 -54 84 2 -35 -11 -81 -13 -56
 -48 -28 86 -60 71 -39 53 -42 50 33 -90 -64 29 83 84 -59 -1 74 99 47 -4 21) 30
26
(3 -20 -37 -1 33 -12 -8 49 32 -7 -56 3 -46 48 65 22 28 -88 88 -54 23 85 73 -65 -57 -8 41 19 61 27 39 73 -18 -33 -100
 -10 -29 8 97 21 -46 5 -49 -30 -30 -30 86 -40 -71 0 17 12 -41 10 6 90 50) -20
20
(-6 -33 -49 9 48 34 18 -86 85 9 73 76 -95 3 64 5 -82 24 64 -94 51 -38 79 -53 75 -2 -19 52 85 85 -50 -20 -91 -57 -83 64
 96 61 -27 15 65 -92 -64 61 64 7 -94 42 64 -85 53 98 -97 51 -52 21 95) -20
7
(-18 57 -41 89 21 -11 28 -56 -41 28 60 17 -99 83 -74 -11 42 55 -100 32 -26 91 -93 -45 85 -90 -42 91 -18 -12 -47 10 -42
 98 16 51 -35 93 0 -72 -58 74 -38 -2 -30 -75 -43 -58 -85 -44 -53 -52 99 27 -70 89 4) -20
2
(-9 14 -5 3 85 -10 -99 -20 85 -76 -81 67 -6 7 -62 -36 -85 88 12 94 58 -59 -60 -18 64 -1 7 51 46 -66 0 -63 -92 58 89 48
 -4 25 37 -84 77 22 25 29 -62 38 -60 -17 -13 -5 -52 81 25 -5 -38 -57 -60) 80
65
(-32 67 -6 15 -25 -17 77 -72 27 68 -56 -22 74 42 -1 29 -43 38 41 99 -14 17 52 51 -53 65 -35 -16 -1 -11 83 0 -18 58 11
 79 71 -62 91 -52 67 74 -7 -23 57 66 43 -83 26 7 39 -13 -92 -94 -22 11 82) 30
42
(5 41 -65 72 -90 2 -70 91 65 -27 -65 34 -89 -60 -58 6 -61 -48 9 -59 24 -67 -18 10 -71 42 -38 -63 16 28 -78 -27 26 74 42
 -76 -8 -80 -88 87 -82 -10 -56 -83 45 25 -96 95 51 -50 -61 -92 -9 28 0 44 63) -10
2
(-9 14 -5 3 85 -10 -99 -20 85 -76 -81 67 -6 7 -62 -36 -85 88 12 94 58 -59 -60 -18 64 -1 7 51 46 -66 0 -63 -92 58 89 48
 -4 25 37 -84 77 22 25 29 -62 38 -60 -17 -13 -5 -52 81 25 -5 -38 -57 -60) 80
41
(-3 -84 87 69 -67 21 -39 -23 -75 48 -30 75 2 -84 -11 33 70 56 43 -40 30 -85 7 -75 -50 43 58 -12 26 -15 -50 -60 53 9 85
 7 29 4 -94 -12 -21 95 12 -50 -3 -12 -64 12 5 63 62 -31 -23 -80 65 84 -5) 10
95
(-24 74 -94 75 94 17 -84 -91 70 85 -51 85 57 -16 3 -34 -46 -86 95 27 -78 70 97 21 -53 59 -55 -62 -97 83 -27 35 -79 93 0
 59 -40 44 23 37 -87 -65 -92 -100 -12 -15 85 91 -60 -87 -44 13 -87 89 23 -45 31) 30
18
(76 -47 -54 -73 -35 28 -7 31 -80 86 0 94 14 4 -100 85 -92 -27 -87 34 50 -74 -74 -25 54 22 62 89 65 -87 -1 43 80 48 13
 98 2 69 54 -95 46 -39 -75 -91 44 -97 17 24 1 8 -91 -23 61 -72 -17 23 -41) 10
54
(18 -98 -36 -96 18 -34 -87 -59 -34 -22 -85 -78 -38 89 63 -3 -65 -80 -86 40 9 86 -80 64 90 63 -49 -8 -10 76 66 -59 -57
 23 -87 42 -72 -63 -74 -28 -44 45 -72 -99 -97 12 66 59 66 18 -53 8 -55 -82 -67 82 -2) -20
37
(83 -22 77 24 68 82 14 -1 65 -27 -27 8 38 -95 25 -9 78 -18 31 -71 -12 -63 -65 -70 54 18 -67 -15 -89 88 15 -71 -6 9 91
 40 44 93 -49 -30 65 -54 -31 -84 75 -41 87 59 -63 -12 38 -67 51 -99 -58 37 -7) 30
100
(-62 -71 -87 -90 24 -19 -79 35 27 -74 27 74 -94 -83 -46 -46 48 0 -56 32 -21 16 -38 -77 -81 13 0 -25 -21 -17 -24 28 -47
 -20 -46 62 96 -25 3 45 -76 -99 60 5 34 -24 83 45 30 -10 79 -55 8 -15 -11 50 -40) -20
98
(53 65 10 88 -21 68 -8 0 17 56 98 72 48 81 88 -87 83 -16 -52 -95 78 -57 86 83 3 -81 47 36 36 -37 -80 62 15 -75 -78 80
 -93 -58 37 -86 -82 56 92 -38 -64 30 -59 -28 -1 -80 28 35 -53 -30 87 51 -31) 20

the most fit of the sample ...
2
(-9 14 -5 3 85 -10 -99 -20 85 -76 -81 67 -6 7 -62 -36 -85 88 12 94 58 -59 -60 -18 64 -1 7 51 46 -66 0 -63 -92 58 89 48
 -4 25 37 -84 77 22 25 29 -62 38 -60 -17 -13 -5 -52 81 25 -5 -38 -57 -60) 80

Selected individual =
2
(-9 14 -5 3 85 -10 -99 -20 85 -76 -81 67 -6 7 -62 -36 -85 88 12 94 58 -59 -60 -18 64 -1 7 51 46 -66 0 -63 -92 58 89 48
 -4 25 37 -84 77 22 25 29 -62 38 -60 -17 -13 -5 -52 81 25 -5 -38 -57 -60) 80
Possibly muted individual =
2
(-9 14 -5 3 85 -10 -99 -20 85 -76 -81 67 -6 7 -62 -36 -85 88 12 94 58 -59 -60 -18 64 -1 7 51 46 -66 0 -63 -92 58 89 48
 -4 25 37 -84 77 22 25 29 -62 38 -60 -17 -13 -5 -52 81 25 -5 -38 -57 -60) 80
Renumbered individual =
3
(-9 14 -5 3 85 -10 -99 -20 85 -76 -81 67 -6 7 -62 -36 -85 88 12 94 58 -59 -60 -18 64 -1 7 51 46 -66 0 -63 -92 58 89 48
 -4 25 37 -84 77 22 25 29 -62 38 -60 -17 -13 -5 -52 81 25 -5 -38 -57 -60) 80
-------------------------------------------------------------------------




Generation 1 population ...

1
(-10 -39 52 51 39 -71 2 65 -48 79 86 -70 83 -49 62 50 -29 -96 -27 86 -94 79 66 80 69 11 -33 77 68 -96 19 64 -51 -50 -70
 54 -16 65 91 -22 -46 33 95 -87 20 -30 -33 53 75 -5 -60 60 56 16 -10 -88 48) 20
2
(-9 14 -5 3 85 -10 -99 -20 85 -76 -81 67 -6 7 -62 -36 -85 88 12 94 58 -59 -60 -18 64 -1 7 51 46 -66 0 -63 -92 58 89 48
 -4 25 37 -84 77 22 25 29 -62 38 -60 -17 -13 -5 -52 81 25 -5 -38 -57 -60) 80
3
(-9 14 -5 3 85 -10 -99 -20 85 -76 -81 67 -6 7 -62 -36 -85 88 12 94 58 -59 -60 -18 64 -1 7 51 46 -66 0 -63 -92 58 89 48
 -4 25 37 -84 77 22 25 29 -62 38 -60 -17 -13 -5 -52 81 25 -5 -38 -57 -60) 80



-------------------------------------------------------------------------
the sample of individuals ...
17
(28 47 46 -100 -23 -11 18 -54 -97 -35 -52 58 -34 15 63 52 -58 -62 -76 -37 14 69 -74 69 -96 85 69 22 -95 -36 -36 4 91 29
 21 -70 85 -85 -70 -65 71 66 -60 -2 97 -93 -26 -26 -13 -54 -16 9 13 25 71 -1 86) -40
19
(62 75 11 21 86 -48 45 7 96 40 52 -77 88 2 -63 -8 29 -70 -54 -66 -75 -59 -30 34 13 96 -59 -4 -52 64 38 26 -73 72 43 -59
 4 -24 45 -63 33 43 -85 -48 -52 -89 31 -90 43 -57 85 75 35 17 9 78 -100) 40
76
(61 -12 -16 -14 -5 -11 -44 -90 -61 94 73 -77 59 71 53 72 -49 -65 1 49 -50 15 25 79 -78 46 -34 -28 -78 -90 -74 1 -95 35
 -80 -87 -2 -63 43 22 -76 85 -90 57 42 80 -97 -68 -93 73 63 26 -83 2 -6 19 -93) -30
22
(-32 88 -75 -2 18 -98 55 57 39 -55 8 -10 -26 16 19 -71 -34 72 6 -50 70 56 13 -80 84 12 86 -44 -49 -59 29 -90 32 45 80
 -56 82 5 -53 1 -88 81 27 -94 61 -80 -52 16 12 70 93 95 -96 -84 0 -61 98) -40
71
(99 13 87 66 90 42 58 82 -14 18 15 -71 36 -19 44 41 -37 -83 -37 -81 55 -46 -55 18 -69 61 -88 -71 97 80 15 84 -69 -54 55
 72 42 62 -67 86 -23 27 -75 66 80 -61 -53 94 -100 -18 34 22 -93 -18 -1 76 75) 30
97
(-97 -45 69 46 -52 98 -99 37 4 24 52 -4 22 -10 -43 27 -68 -79 82 27 -45 11 93 -83 -100 63 -65 -14 55 47 67 91 -35 -40
 -6 17 43 -21 14 91 -12 -60 1 4 -27 -44 -67 -92 81 -56 -100 -59 52 -6 -17 -73 -14) 0
72
(10 -43 -52 -54 54 56 -18 -19 23 4 -31 -5 -86 94 93 -39 -84 0 62 38 96 95 94 46 63 -2 -71 -22 1 27 -95 84 -57 15 58 -99
 -77 -80 -67 -48 4 72 -26 -66 -11 -3 24 19 -44 97 -26 46 -90 -38 18 -13 -25) -40
72
(10 -43 -52 -54 54 56 -18 -19 23 4 -31 -5 -86 94 93 -39 -84 0 62 38 96 95 94 46 63 -2 -71 -22 1 27 -95 84 -57 15 58 -99
 -77 -80 -67 -48 4 72 -26 -66 -11 -3 24 19 -44 97 -26 46 -90 -38 18 -13 -25) -40
86
(51 33 71 68 -5 4 31 74 53 16 11 -32 62 -56 -49 58 31 94 50 -93 12 90 -66 65 79 32 -53 6 77 -88 51 31 -74 14 94 54 -1
 90 -58 -39 -87 -48 -63 -13 57 -17 -84 -40 -57 -37 -60 68 -70 53 -3 75 97) 30
12
(61 66 42 25 87 -45 -53 -74 30 84 -80 13 63 -8 62 46 -83 -99 77 -43 -88 69 -54 66 19 -19 -97 98 -69 71 -55 27 13 -86 7
 17 63 95 79 -74 36 27 -14 -53 66 18 -28 26 -19 48 16 70 -4 48 48 -1 -80) 20
24
(26 18 80 -55 46 33 -70 -36 -6 37 46 -97 25 -91 -68 95 -96 -22 18 76 -12 66 95 -78 18 15 -46 17 63 -33 2 -29 96 -83 29
 26 9 -100 76 41 -32 -63 43 49 -23 -72 19 76 -6 -21 -39 10 -34 72 -65 -55 -44) -10
60
(-88 32 -45 89 -86 18 -99 27 46 16 81 -15 44 99 76 -12 53 -87 64 96 -22 -92 -88 -4 28 -46 55 -59 -44 -50 80 82 -77 51
 -76 -65 -72 6 65 -92 79 -53 -57 86 -42 -4 -76 -22 56 -49 63 55 -92 39 -49 35 -27) -10
97
(-97 -45 69 46 -52 98 -99 37 4 24 52 -4 22 -10 -43 27 -68 -79 82 27 -45 11 93 -83 -100 63 -65 -14 55 47 67 91 -35 -40
 -6 17 43 -21 14 91 -12 -60 1 4 -27 -44 -67 -92 81 -56 -100 -59 52 -6 -17 -73 -14) 0
92
(16 94 -86 63 -33 -51 -59 93 -88 30 -7 6 74 44 -36 43 -2 35 14 88 44 -73 75 -52 64 77 -82 12 -17 47 98 -17 -20 74 81 81
 63 81 15 82 -13 -79 29 46 -59 37 -79 85 -86 98 83 91 -16 10 63 39 26) 10
28
(92 -93 -53 49 64 25 -12 -41 47 -77 0 98 89 -85 85 -61 40 -48 74 86 59 59 -83 -78 -75 98 -57 -36 36 14 69 59 -75 -73 7
 -85 76 -91 19 4 -82 -82 33 91 10 -75 78 13 -31 -17 4 65 27 -10 46 -19 -92) 40
79
(-37 -37 46 94 69 62 -92 78 62 53 -2 93 -42 78 17 -100 89 -3 7 56 -18 47 7 59 -86 -47 -30 -40 93 -32 -11 -23 42 57 60
 43 26 32 67 79 -97 3 -27 -72 75 54 31 66 -8 63 -76 39 56 41 -47 -54 93) 10

the most fit of the sample ...
19
(62 75 11 21 86 -48 45 7 96 40 52 -77 88 2 -63 -8 29 -70 -54 -66 -75 -59 -30 34 13 96 -59 -4 -52 64 38 26 -73 72 43 -59
 4 -24 45 -63 33 43 -85 -48 -52 -89 31 -90 43 -57 85 75 35 17 9 78 -100) 40

Selected individual =
19
(62 75 11 21 86 -48 45 7 96 40 52 -77 88 2 -63 -8 29 -70 -54 -66 -75 -59 -30 34 13 96 -59 -4 -52 64 38 26 -73 72 43 -59
 4 -24 45 -63 33 43 -85 -48 -52 -89 31 -90 43 -57 85 75 35 17 9 78 -100) 40
Possibly muted individual =
19
(62 75 11 21 86 -48 45 7 96 40 52 -77 88 2 -63 83 29 -70 -54 -66 -75 -59 -30 34 13 96 -59 -4 -52 64 38 26 -73 72 43 -59
 4 -24 45 -63 33 43 -85 -48 -52 -89 31 -90 43 -57 85 75 35 17 9 78 -100) 40
Renumbered individual =
4
(62 75 11 21 86 -48 45 7 96 40 52 -77 88 2 -63 83 29 -70 -54 -66 -75 -59 -30 34 13 96 -59 -4 -52 64 38 26 -73 72 43 -59
 4 -24 45 -63 33 43 -85 -48 -52 -89 31 -90 43 -57 85 75 35 17 9 78 -100) 40
-------------------------------------------------------------------------




Generation 1 population ...

1
(-10 -39 52 51 39 -71 2 65 -48 79 86 -70 83 -49 62 50 -29 -96 -27 86 -94 79 66 80 69 11 -33 77 68 -96 19 64 -51 -50 -70
 54 -16 65 91 -22 -46 33 95 -87 20 -30 -33 53 75 -5 -60 60 56 16 -10 -88 48) 20
2
(-9 14 -5 3 85 -10 -99 -20 85 -76 -81 67 -6 7 -62 -36 -85 88 12 94 58 -59 -60 -18 64 -1 7 51 46 -66 0 -63 -92 58 89 48
 -4 25 37 -84 77 22 25 29 -62 38 -60 -17 -13 -5 -52 81 25 -5 -38 -57 -60) 80
3
(-9 14 -5 3 85 -10 -99 -20 85 -76 -81 67 -6 7 -62 -36 -85 88 12 94 58 -59 -60 -18 64 -1 7 51 46 -66 0 -63 -92 58 89 48
 -4 25 37 -84 77 22 25 29 -62 38 -60 -17 -13 -5 -52 81 25 -5 -38 -57 -60) 80
4
(62 75 11 21 86 -48 45 7 96 40 52 -77 88 2 -63 83 29 -70 -54 -66 -75 -59 -30 34 13 96 -59 -4 -52 64 38 26 -73 72 43 -59
 4 -24 45 -63 33 43 -85 -48 -52 -89 31 -90 43 -57 85 75 35 17 9 78 -100) 40



-------------------------------------------------------------------------
the sample of individuals ...
8
(88 66 -38 -16 30 -93 57 -71 20 -18 -55 31 29 -87 -60 95 -80 54 -41 -24 7 82 18 -34 -6 -80 43 2 3 22 75 14 49 29 69 -77
 -32 75 19 -99 93 -94 -37 75 -27 -80 60 25 37 -1 -52 -88 -40 37 -29 -61 -33) 30
92
(16 94 -86 63 -33 -51 -59 93 -88 30 -7 6 74 44 -36 43 -2 35 14 88 44 -73 75 -52 64 77 -82 12 -17 47 98 -17 -20 74 81 81
 63 81 15 82 -13 -79 29 46 -59 37 -79 85 -86 98 83 91 -16 10 63 39 26) 10
22
(-32 88 -75 -2 18 -98 55 57 39 -55 8 -10 -26 16 19 -71 -34 72 6 -50 70 56 13 -80 84 12 86 -44 -49 -59 29 -90 32 45 80
 -56 82 5 -53 1 -88 81 27 -94 61 -80 -52 16 12 70 93 95 -96 -84 0 -61 98) -40
41
(-3 -84 87 69 -67 21 -39 -23 -75 48 -30 75 2 -84 -11 33 70 56 43 -40 30 -85 7 -75 -50 43 58 -12 26 -15 -50 -60 53 9 85
 7 29 4 -94 -12 -21 95 12 -50 -3 -12 -64 12 5 63 62 -31 -23 -80 65 84 -5) 10
69
(-13 -67 49 -74 73 6 -74 -95 50 -30 40 86 1 13 -50 64 99 -72 46 92 17 -40 61 22 -93 -26 50 -84 34 -10 18 -53 -77 18 35
 32 73 39 67 -18 1 -100 -8 -52 -90 64 -40 78 93 91 40 -22 80 58 -40 74 -91) 20
60
(-88 32 -45 89 -86 18 -99 27 46 16 81 -15 44 99 76 -12 53 -87 64 96 -22 -92 -88 -4 28 -46 55 -59 -44 -50 80 82 -77 51
 -76 -65 -72 6 65 -92 79 -53 -57 86 -42 -4 -76 -22 56 -49 63 55 -92 39 -49 35 -27) -10
14
(72 -26 -15 39 -65 -66 11 21 -94 -42 8 50 -74 -68 -100 -76 36 93 44 38 -7 -24 36 44 -66 -46 3 -71 79 -78 83 91 -82 -4
 -20 -76 -16 64 -48 9 -3 -70 71 -4 -22 58 -61 43 72 84 58 -15 68 -49 33 -93 -33) 50
40
(-69 -69 -29 -22 4 93 0 76 -76 -96 29 90 -83 35 -67 -15 96 -18 3 -32 38 80 0 -21 38 -5 50 43 28 52 18 74 86 -67 -5 -7
 -1 4 16 -12 -1 -44 85 82 39 98 90 95 55 -97 -67 -52 17 42 63 28 -27) 10
100
(-62 -71 -87 -90 24 -19 -79 35 27 -74 27 74 -94 -83 -46 -46 48 0 -56 32 -21 16 -38 -77 -81 13 0 -25 -21 -17 -24 28 -47
 -20 -46 62 96 -25 3 45 -76 -99 60 5 34 -24 83 45 30 -10 79 -55 8 -15 -11 50 -40) -20
47
(54 98 31 94 50 78 16 -53 -50 96 69 -23 -6 -60 -75 -40 -54 -1 57 13 21 86 -73 -7 -7 7 97 -7 67 53 -51 54 74 6 53 85 -37
 78 -97 -34 -92 20 37 7 -5 18 -45 48 38 -25 -82 86 75 14 17 -78 23) 10
69
(-13 -67 49 -74 73 6 -74 -95 50 -30 40 86 1 13 -50 64 99 -72 46 92 17 -40 61 22 -93 -26 50 -84 34 -10 18 -53 -77 18 35
 32 73 39 67 -18 1 -100 -8 -52 -90 64 -40 78 93 91 40 -22 80 58 -40 74 -91) 20
80
(-37 80 -90 95 24 -65 37 51 -74 -72 4 -48 18 -88 -53 98 -8 -6 -96 -94 38 -4 -85 18 -48 -81 74 43 -61 49 68 -32 68 -60
 15 -93 -17 22 93 -51 -12 9 -32 -56 -85 -77 60 -1 -2 21 -44 26 -11 -82 73 -91 -23) 70
59
(-67 28 43 -73 -82 -25 25 -71 -58 23 -59 -76 -40 -19 -16 95 -91 -29 -8 73 -32 -17 55 24 34 5 -38 21 -75 51 -44 -44 83
 -3 2 -10 -33 89 -97 89 -72 -30 80 -60 83 -64 39 -98 80 -12 74 -26 -78 69 -29 34 25) 0
49
(-55 -92 84 -26 -97 -72 17 -66 -26 -43 59 -41 -20 -44 54 41 58 -55 80 38 72 -26 15 54 62 -24 82 99 50 -89 4 53 -17 16
 63 -2 98 28 -99 37 -27 48 -33 36 54 -27 -64 91 79 64 48 45 -34 -47 44 9 20) 30
37
(83 -22 77 24 68 82 14 -1 65 -27 -27 8 38 -95 25 -9 78 -18 31 -71 -12 -63 -65 -70 54 18 -67 -15 -89 88 15 -71 -6 9 91
 40 44 93 -49 -30 65 -54 -31 -84 75 -41 87 59 -63 -12 38 -67 51 -99 -58 37 -7) 30
89
(57 -63 -12 -3 -92 80 43 -77 -32 7 -12 62 -100 -75 82 -92 73 74 -19 -23 23 -84 -88 -29 -59 58 53 69 2 4 -58 30 17 39
 -36 -7 -73 -28 10 76 -19 -33 88 84 35 -70 35 -19 72 17 41 85 93 22 -24 16 65) -60

the most fit of the sample ...
80
(-37 80 -90 95 24 -65 37 51 -74 -72 4 -48 18 -88 -53 98 -8 -6 -96 -94 38 -4 -85 18 -48 -81 74 43 -61 49 68 -32 68 -60
 15 -93 -17 22 93 -51 -12 9 -32 -56 -85 -77 60 -1 -2 21 -44 26 -11 -82 73 -91 -23) 70

Selected individual =
80
(-37 80 -90 95 24 -65 37 51 -74 -72 4 -48 18 -88 -53 98 -8 -6 -96 -94 38 -4 -85 18 -48 -81 74 43 -61 49 68 -32 68 -60
 15 -93 -17 22 93 -51 -12 9 -32 -56 -85 -77 60 -1 -2 21 -44 26 -11 -82 73 -91 -23) 70
Possibly muted individual =
80
(-37 80 -90 95 24 -65 37 51 -74 -72 4 -48 18 -88 -53 98 -8 -6 -96 -94 38 -4 -85 18 -48 -81 74 43 -61 49 68 -32 68 -60
 15 -93 -17 22 93 -51 -12 9 -32 -56 -85 -77 60 -1 -2 21 -44 26 -11 -82 73 -91 -23) 70
Renumbered individual =
5
(-37 80 -90 95 24 -65 37 51 -74 -72 4 -48 18 -88 -53 98 -8 -6 -96 -94 38 -4 -85 18 -48 -81 74 43 -61 49 68 -32 68 -60
 15 -93 -17 22 93 -51 -12 9 -32 -56 -85 -77 60 -1 -2 21 -44 26 -11 -82 73 -91 -23) 70
-------------------------------------------------------------------------




Generation 1 population ...

1
(-10 -39 52 51 39 -71 2 65 -48 79 86 -70 83 -49 62 50 -29 -96 -27 86 -94 79 66 80 69 11 -33 77 68 -96 19 64 -51 -50 -70
 54 -16 65 91 -22 -46 33 95 -87 20 -30 -33 53 75 -5 -60 60 56 16 -10 -88 48) 20
2
(-9 14 -5 3 85 -10 -99 -20 85 -76 -81 67 -6 7 -62 -36 -85 88 12 94 58 -59 -60 -18 64 -1 7 51 46 -66 0 -63 -92 58 89 48
 -4 25 37 -84 77 22 25 29 -62 38 -60 -17 -13 -5 -52 81 25 -5 -38 -57 -60) 80
3
(-9 14 -5 3 85 -10 -99 -20 85 -76 -81 67 -6 7 -62 -36 -85 88 12 94 58 -59 -60 -18 64 -1 7 51 46 -66 0 -63 -92 58 89 48
 -4 25 37 -84 77 22 25 29 -62 38 -60 -17 -13 -5 -52 81 25 -5 -38 -57 -60) 80
4
(62 75 11 21 86 -48 45 7 96 40 52 -77 88 2 -63 83 29 -70 -54 -66 -75 -59 -30 34 13 96 -59 -4 -52 64 38 26 -73 72 43 -59
 4 -24 45 -63 33 43 -85 -48 -52 -89 31 -90 43 -57 85 75 35 17 9 78 -100) 40
5
(-37 80 -90 95 24 -65 37 51 -74 -72 4 -48 18 -88 -53 98 -8 -6 -96 -94 38 -4 -85 18 -48 -81 74 43 -61 49 68 -32 68 -60
 15 -93 -17 22 93 -51 -12 9 -32 -56 -85 -77 60 -1 -2 21 -44 26 -11 -82 73 -91 -23) 70



-------------------------------------------------------------------------
the sample of individuals ...
54
(18 -98 -36 -96 18 -34 -87 -59 -34 -22 -85 -78 -38 89 63 -3 -65 -80 -86 40 9 86 -80 64 90 63 -49 -8 -10 76 66 -59 -57
 23 -87 42 -72 -63 -74 -28 -44 45 -72 -99 -97 12 66 59 66 18 -53 8 -55 -82 -67 82 -2) -20
25
(82 -96 -41 79 61 -33 96 62 -75 62 -3 3 6 -63 -7 86 -22 43 60 -78 -15 69 -94 -100 74 -43 -30 -47 21 82 -71 86 -86 -38
 -73 80 65 -89 87 -28 11 11 2 94 -11 -78 -38 -92 -86 -89 1 -70 95 43 97 30 -9) 0
57
(5 49 67 36 32 -53 19 3 -59 31 70 -33 -68 19 -34 7 69 -50 13 -9 -49 -55 22 14 -37 -96 89 45 39 -77 -39 -68 13 -7 23 54
 27 -39 -42 -94 35 -87 -18 51 -5 -46 84 -49 52 -72 46 1 93 -59 -70 97 -1) -10
35
(-54 9 76 -75 93 70 66 28 94 -11 -65 94 -56 6 -17 -57 -76 -20 21 97 -11 21 -10 56 -53 -51 -74 -82 -23 34 79 63 -79 15
 56 84 -83 -69 -14 -23 -10 1 -38 25 -17 -25 -76 -65 32 -78 -4 21 62 -50 -51 8 87) 0
34
(-68 52 -59 98 26 -31 -77 -19 -55 -31 24 -78 43 -64 -38 -86 -60 79 61 91 -74 -56 15 56 -11 -20 43 86 10 63 -72 -88 58
 -32 65 -78 94 20 61 -41 50 -94 -58 85 48 -66 -36 -75 4 0 -39 38 88 84 92 -23 64) 0
86
(51 33 71 68 -5 4 31 74 53 16 11 -32 62 -56 -49 58 31 94 50 -93 12 90 -66 65 79 32 -53 6 77 -88 51 31 -74 14 94 54 -1
 90 -58 -39 -87 -48 -63 -13 57 -17 -84 -40 -57 -37 -60 68 -70 53 -3 75 97) 30
2
(87 42 -16 -10 24 80 -74 -14 -11 -54 4 97 -100 93 65 21 5 -73 -33 -21 70 13 93 77 -26 87 62 34 37 -23 58 75 15 2 66 -90
 -1 -97 22 -84 -32 -97 -47 -12 12 -26 17 96 47 -76 81 6 90 -35 -23 -82 -21) 10
62
(9 -78 79 46 55 5 29 -75 -97 26 -51 -9 47 40 97 -15 -41 91 -7 -20 -35 -84 -17 -18 -95 61 50 26 -55 -57 -18 -99 52 14
 -56 -15 88 -79 -75 69 -98 44 98 25 59 8 -37 11 48 80 62 -73 -64 -60 -58 96 -89) -40
75
(-11 31 57 -46 -28 -67 22 -12 -98 -32 83 24 93 -1 92 -6 35 -42 -60 59 -93 -29 -73 1 37 -46 -30 91 36 88 -65 48 -56 73
 37 80 -57 -100 84 -17 -10 3 -78 -66 -93 -1 -93 -69 -100 56 10 79 -57 -65 -52 61 -86) -20
47
(54 98 31 94 50 78 16 -53 -50 96 69 -23 -6 -60 -75 -40 -54 -1 57 13 21 86 -73 -7 -7 7 97 -7 67 53 -51 54 74 6 53 85 -37
 78 -97 -34 -92 20 37 7 -5 18 -45 48 38 -25 -82 86 75 14 17 -78 23) 10
97
(-97 -45 69 46 -52 98 -99 37 4 24 52 -4 22 -10 -43 27 -68 -79 82 27 -45 11 93 -83 -100 63 -65 -14 55 47 67 91 -35 -40
 -6 17 43 -21 14 91 -12 -60 1 4 -27 -44 -67 -92 81 -56 -100 -59 52 -6 -17 -73 -14) 0
16
(23 -87 -59 -78 -6 -47 11 -48 49 85 -52 -79 87 58 -49 9 -54 35 57 -23 -74 14 -84 3 25 -84 28 -24 -26 67 34 -12 -60 -99
 91 -18 30 -64 71 19 -69 -10 -67 58 -99 -51 12 -1 28 23 -23 -86 34 56 -50 -41 63) -10
33
(-14 -6 -91 -69 -91 12 3 -50 -84 16 74 36 95 -82 30 43 -16 -61 -18 -42 84 0 56 -12 28 -6 -38 -56 -64 65 -40 -87 -23 -84
 -14 -71 44 74 -51 96 84 88 0 9 -26 64 -74 17 21 -18 -72 37 46 -37 -78 -46 -37) 20
6
(-5 47 -56 -46 -46 -7 30 1 -26 13 -37 -57 -53 -31 90 -49 -62 90 -70 -51 97 96 -73 -10 -49 87 -97 -19 -85 -17 -36 -26
 -44 98 38 84 24 -46 56 53 55 -6 33 2 -1 -77 -54 58 -23 -97 76 38 48 38 -46 -35 -81) -10
8
(88 66 -38 -16 30 -93 57 -71 20 -18 -55 31 29 -87 -60 95 -80 54 -41 -24 7 82 18 -34 -6 -80 43 2 3 22 75 14 49 29 69 -77
 -32 75 19 -99 93 -94 -37 75 -27 -80 60 25 37 -1 -52 -88 -40 37 -29 -61 -33) 30
62
(9 -78 79 46 55 5 29 -75 -97 26 -51 -9 47 40 97 -15 -41 91 -7 -20 -35 -84 -17 -18 -95 61 50 26 -55 -57 -18 -99 52 14
 -56 -15 88 -79 -75 69 -98 44 98 25 59 8 -37 11 48 80 62 -73 -64 -60 -58 96 -89) -40

the most fit of the sample ...
86
(51 33 71 68 -5 4 31 74 53 16 11 -32 62 -56 -49 58 31 94 50 -93 12 90 -66 65 79 32 -53 6 77 -88 51 31 -74 14 94 54 -1
 90 -58 -39 -87 -48 -63 -13 57 -17 -84 -40 -57 -37 -60 68 -70 53 -3 75 97) 30

Selected individual =
86
(51 33 71 68 -5 4 31 74 53 16 11 -32 62 -56 -49 58 31 94 50 -93 12 90 -66 65 79 32 -53 6 77 -88 51 31 -74 14 94 54 -1
 90 -58 -39 -87 -48 -63 -13 57 -17 -84 -40 -57 -37 -60 68 -70 53 -3 75 97) 30
Possibly muted individual =
86
(51 33 71 68 -5 4 31 74 53 16 11 -32 62 -56 18 58 31 94 50 -93 12 90 -66 65 79 32 -53 6 77 -88 51 31 -74 14 94 54 -1 90
 -58 -39 -87 -48 -63 -13 57 -17 -84 -40 -57 -37 -60 68 -70 53 -3 75 97) 30
Renumbered individual =
6
(51 33 71 68 -5 4 31 74 53 16 11 -32 62 -56 18 58 31 94 50 -93 12 90 -66 65 79 32 -53 6 77 -88 51 31 -74 14 94 54 -1 90
 -58 -39 -87 -48 -63 -13 57 -17 -84 -40 -57 -37 -60 68 -70 53 -3 75 97) 30
-------------------------------------------------------------------------




Generation 1 population ...

1
(-10 -39 52 51 39 -71 2 65 -48 79 86 -70 83 -49 62 50 -29 -96 -27 86 -94 79 66 80 69 11 -33 77 68 -96 19 64 -51 -50 -70
 54 -16 65 91 -22 -46 33 95 -87 20 -30 -33 53 75 -5 -60 60 56 16 -10 -88 48) 20
2
(-9 14 -5 3 85 -10 -99 -20 85 -76 -81 67 -6 7 -62 -36 -85 88 12 94 58 -59 -60 -18 64 -1 7 51 46 -66 0 -63 -92 58 89 48
 -4 25 37 -84 77 22 25 29 -62 38 -60 -17 -13 -5 -52 81 25 -5 -38 -57 -60) 80
3
(-9 14 -5 3 85 -10 -99 -20 85 -76 -81 67 -6 7 -62 -36 -85 88 12 94 58 -59 -60 -18 64 -1 7 51 46 -66 0 -63 -92 58 89 48
 -4 25 37 -84 77 22 25 29 -62 38 -60 -17 -13 -5 -52 81 25 -5 -38 -57 -60) 80
4
(62 75 11 21 86 -48 45 7 96 40 52 -77 88 2 -63 83 29 -70 -54 -66 -75 -59 -30 34 13 96 -59 -4 -52 64 38 26 -73 72 43 -59
 4 -24 45 -63 33 43 -85 -48 -52 -89 31 -90 43 -57 85 75 35 17 9 78 -100) 40
5
(-37 80 -90 95 24 -65 37 51 -74 -72 4 -48 18 -88 -53 98 -8 -6 -96 -94 38 -4 -85 18 -48 -81 74 43 -61 49 68 -32 68 -60
 15 -93 -17 22 93 -51 -12 9 -32 -56 -85 -77 60 -1 -2 21 -44 26 -11 -82 73 -91 -23) 70
6
(51 33 71 68 -5 4 31 74 53 16 11 -32 62 -56 18 58 31 94 50 -93 12 90 -66 65 79 32 -53 6 77 -88 51 31 -74 14 94 54 -1 90
 -58 -39 -87 -48 -63 -13 57 -17 -84 -40 -57 -37 -60 68 -70 53 -3 75 97) 30



-------------------------------------------------------------------------
the sample of individuals ...
15
(-17 93 -38 -43 21 50 -27 72 -36 -98 62 45 12 -43 -30 67 -55 -19 35 81 18 97 64 -49 -99 89 34 58 40 54 79 -37 7 -33 -40
 63 18 -63 85 22 -66 41 -42 85 74 90 9 22 9 -61 9 -67 -68 72 27 -93 23) 20
65
(-32 67 -6 15 -25 -17 77 -72 27 68 -56 -22 74 42 -1 29 -43 38 41 99 -14 17 52 51 -53 65 -35 -16 -1 -11 83 0 -18 58 11
 79 71 -62 91 -52 67 74 -7 -23 57 66 43 -83 26 7 39 -13 -92 -94 -22 11 82) 30
60
(-88 32 -45 89 -86 18 -99 27 46 16 81 -15 44 99 76 -12 53 -87 64 96 -22 -92 -88 -4 28 -46 55 -59 -44 -50 80 82 -77 51
 -76 -65 -72 6 65 -92 79 -53 -57 86 -42 -4 -76 -22 56 -49 63 55 -92 39 -49 35 -27) -10
90
(-75 -82 -38 20 79 -88 -45 -81 40 -91 -20 -32 3 90 85 -32 3 94 -7 71 90 13 -34 -51 -27 55 8 -8 -77 89 69 19 -5 -15 48
 67 77 -93 56 74 -90 48 -33 86 46 52 -26 -55 -61 -26 -26 97 86 -70 95 -73 -92) -20
68
(23 70 32 -12 26 96 -47 24 -30 47 28 -91 -33 5 -33 -18 68 -15 -8 77 0 -5 39 -22 13 74 -53 65 -21 79 -39 90 -43 33 75 73
 -40 1 13 -66 -7 -74 40 -27 -19 -8 17 93 -15 -25 9 -54 -94 -29 93 -99 -28) 30
42
(5 41 -65 72 -90 2 -70 91 65 -27 -65 34 -89 -60 -58 6 -61 -48 9 -59 24 -67 -18 10 -71 42 -38 -63 16 28 -78 -27 26 74 42
 -76 -8 -80 -88 87 -82 -10 -56 -83 45 25 -96 95 51 -50 -61 -92 -9 28 0 44 63) -10
78
(-9 -16 41 48 88 1 77 -67 -29 -26 -7 -41 -66 32 -6 -20 80 59 -26 55 32 -50 -17 -60 21 -90 69 -50 69 -30 59 -37 8 -42 48
 52 68 -38 77 -64 -38 -78 -37 8 45 46 -68 -5 -49 10 0 -87 54 -35 56 58 -23) -10
91
(24 -13 98 4 75 -55 99 85 -27 85 -16 -17 0 -44 -28 -26 -3 50 19 -51 15 22 -96 -33 -25 99 -87 -26 -80 79 87 22 -79 38 97
 9 64 62 -32 -46 -45 1 75 60 -73 -16 90 27 -44 -99 45 64 -19 55 28 95 58) 20
53
(16 -83 88 -7 12 -85 -80 0 65 84 -79 88 -97 -60 -20 5 -27 13 -28 77 21 99 49 -84 -36 48 30 63 -4 32 21 -93 60 4 32 -42
 -20 57 -48 -45 -44 39 16 -71 60 77 -72 -14 44 82 -83 -26 91 -37 -99 47 50) 30
58
(28 -66 -47 48 16 23 87 -21 -84 52 -16 84 -13 -78 -55 78 24 40 -82 -17 -83 -22 62 33 -82 49 35 -55 84 71 -92 81 45 -19
 -92 -56 -24 71 34 -97 44 -28 25 59 -8 96 88 -32 -30 -12 50 42 43 -5 93 44 -97) 20
41
(-3 -84 87 69 -67 21 -39 -23 -75 48 -30 75 2 -84 -11 33 70 56 43 -40 30 -85 7 -75 -50 43 58 -12 26 -15 -50 -60 53 9 85
 7 29 4 -94 -12 -21 95 12 -50 -3 -12 -64 12 5 63 62 -31 -23 -80 65 84 -5) 10
33
(-14 -6 -91 -69 -91 12 3 -50 -84 16 74 36 95 -82 30 43 -16 -61 -18 -42 84 0 56 -12 28 -6 -38 -56 -64 65 -40 -87 -23 -84
 -14 -71 44 74 -51 96 84 88 0 9 -26 64 -74 17 21 -18 -72 37 46 -37 -78 -46 -37) 20
20
(-6 -33 -49 9 48 34 18 -86 85 9 73 76 -95 3 64 5 -82 24 64 -94 51 -38 79 -53 75 -2 -19 52 85 85 -50 -20 -91 -57 -83 64
 96 61 -27 15 65 -92 -64 61 64 7 -94 42 64 -85 53 98 -97 51 -52 21 95) -20
95
(-24 74 -94 75 94 17 -84 -91 70 85 -51 85 57 -16 3 -34 -46 -86 95 27 -78 70 97 21 -53 59 -55 -62 -97 83 -27 35 -79 93 0
 59 -40 44 23 37 -87 -65 -92 -100 -12 -15 85 91 -60 -87 -44 13 -87 89 23 -45 31) 30
60
(-88 32 -45 89 -86 18 -99 27 46 16 81 -15 44 99 76 -12 53 -87 64 96 -22 -92 -88 -4 28 -46 55 -59 -44 -50 80 82 -77 51
 -76 -65 -72 6 65 -92 79 -53 -57 86 -42 -4 -76 -22 56 -49 63 55 -92 39 -49 35 -27) -10
19
(62 75 11 21 86 -48 45 7 96 40 52 -77 88 2 -63 -8 29 -70 -54 -66 -75 -59 -30 34 13 96 -59 -4 -52 64 38 26 -73 72 43 -59
 4 -24 45 -63 33 43 -85 -48 -52 -89 31 -90 43 -57 85 75 35 17 9 78 -100) 40

the most fit of the sample ...
19
(62 75 11 21 86 -48 45 7 96 40 52 -77 88 2 -63 -8 29 -70 -54 -66 -75 -59 -30 34 13 96 -59 -4 -52 64 38 26 -73 72 43 -59
 4 -24 45 -63 33 43 -85 -48 -52 -89 31 -90 43 -57 85 75 35 17 9 78 -100) 40

Selected individual =
19
(62 75 11 21 86 -48 45 7 96 40 52 -77 88 2 -63 -8 29 -70 -54 -66 -75 -59 -30 34 13 96 -59 -4 -52 64 38 26 -73 72 43 -59
 4 -24 45 -63 33 43 -85 -48 -52 -89 31 -90 43 -57 85 75 35 17 9 78 -100) 40
Possibly muted individual =
19
(62 75 11 21 86 -48 45 7 96 40 52 -77 88 2 -63 -8 29 -70 -54 -66 -75 -59 -30 34 13 96 -59 -4 -52 64 38 26 -73 72 43 -59
 4 -24 45 -63 33 43 -85 -48 -52 -89 31 -90 43 -57 85 75 35 17 9 78 -100) 40
Renumbered individual =
7
(62 75 11 21 86 -48 45 7 96 40 52 -77 88 2 -63 -8 29 -70 -54 -66 -75 -59 -30 34 13 96 -59 -4 -52 64 38 26 -73 72 43 -59
 4 -24 45 -63 33 43 -85 -48 -52 -89 31 -90 43 -57 85 75 35 17 9 78 -100) 40
-------------------------------------------------------------------------




Generation 1 population ...

1
(-10 -39 52 51 39 -71 2 65 -48 79 86 -70 83 -49 62 50 -29 -96 -27 86 -94 79 66 80 69 11 -33 77 68 -96 19 64 -51 -50 -70
 54 -16 65 91 -22 -46 33 95 -87 20 -30 -33 53 75 -5 -60 60 56 16 -10 -88 48) 20
2
(-9 14 -5 3 85 -10 -99 -20 85 -76 -81 67 -6 7 -62 -36 -85 88 12 94 58 -59 -60 -18 64 -1 7 51 46 -66 0 -63 -92 58 89 48
 -4 25 37 -84 77 22 25 29 -62 38 -60 -17 -13 -5 -52 81 25 -5 -38 -57 -60) 80
3
(-9 14 -5 3 85 -10 -99 -20 85 -76 -81 67 -6 7 -62 -36 -85 88 12 94 58 -59 -60 -18 64 -1 7 51 46 -66 0 -63 -92 58 89 48
 -4 25 37 -84 77 22 25 29 -62 38 -60 -17 -13 -5 -52 81 25 -5 -38 -57 -60) 80
4
(62 75 11 21 86 -48 45 7 96 40 52 -77 88 2 -63 83 29 -70 -54 -66 -75 -59 -30 34 13 96 -59 -4 -52 64 38 26 -73 72 43 -59
 4 -24 45 -63 33 43 -85 -48 -52 -89 31 -90 43 -57 85 75 35 17 9 78 -100) 40
5
(-37 80 -90 95 24 -65 37 51 -74 -72 4 -48 18 -88 -53 98 -8 -6 -96 -94 38 -4 -85 18 -48 -81 74 43 -61 49 68 -32 68 -60
 15 -93 -17 22 93 -51 -12 9 -32 -56 -85 -77 60 -1 -2 21 -44 26 -11 -82 73 -91 -23) 70
6
(51 33 71 68 -5 4 31 74 53 16 11 -32 62 -56 18 58 31 94 50 -93 12 90 -66 65 79 32 -53 6 77 -88 51 31 -74 14 94 54 -1 90
 -58 -39 -87 -48 -63 -13 57 -17 -84 -40 -57 -37 -60 68 -70 53 -3 75 97) 30
7
(62 75 11 21 86 -48 45 7 96 40 52 -77 88 2 -63 -8 29 -70 -54 -66 -75 -59 -30 34 13 96 -59 -4 -52 64 38 26 -73 72 43 -59
 4 -24 45 -63 33 43 -85 -48 -52 -89 31 -90 43 -57 85 75 35 17 9 78 -100) 40



-------------------------------------------------------------------------
the sample of individuals ...
48
(31 -9 -63 98 11 -81 84 -49 42 -7 -72 -66 -65 -100 61 91 -88 10 -95 70 -96 0 -100 -60 -49 32 -29 27 -25 41 31 63 -10
 -20 69 10 -63 -98 -18 -91 69 83 95 2 -74 -57 72 28 75 37 87 -29 -74 66 -68 91 -98) 0
35
(-54 9 76 -75 93 70 66 28 94 -11 -65 94 -56 6 -17 -57 -76 -20 21 97 -11 21 -10 56 -53 -51 -74 -82 -23 34 79 63 -79 15
 56 84 -83 -69 -14 -23 -10 1 -38 25 -17 -25 -76 -65 32 -78 -4 21 62 -50 -51 8 87) 0
76
(61 -12 -16 -14 -5 -11 -44 -90 -61 94 73 -77 59 71 53 72 -49 -65 1 49 -50 15 25 79 -78 46 -34 -28 -78 -90 -74 1 -95 35
 -80 -87 -2 -63 43 22 -76 85 -90 57 42 80 -97 -68 -93 73 63 26 -83 2 -6 19 -93) -30
33
(-14 -6 -91 -69 -91 12 3 -50 -84 16 74 36 95 -82 30 43 -16 -61 -18 -42 84 0 56 -12 28 -6 -38 -56 -64 65 -40 -87 -23 -84
 -14 -71 44 74 -51 96 84 88 0 9 -26 64 -74 17 21 -18 -72 37 46 -37 -78 -46 -37) 20
33
(-14 -6 -91 -69 -91 12 3 -50 -84 16 74 36 95 -82 30 43 -16 -61 -18 -42 84 0 56 -12 28 -6 -38 -56 -64 65 -40 -87 -23 -84
 -14 -71 44 74 -51 96 84 88 0 9 -26 64 -74 17 21 -18 -72 37 46 -37 -78 -46 -37) 20
95
(-24 74 -94 75 94 17 -84 -91 70 85 -51 85 57 -16 3 -34 -46 -86 95 27 -78 70 97 21 -53 59 -55 -62 -97 83 -27 35 -79 93 0
 59 -40 44 23 37 -87 -65 -92 -100 -12 -15 85 91 -60 -87 -44 13 -87 89 23 -45 31) 30
78
(-9 -16 41 48 88 1 77 -67 -29 -26 -7 -41 -66 32 -6 -20 80 59 -26 55 32 -50 -17 -60 21 -90 69 -50 69 -30 59 -37 8 -42 48
 52 68 -38 77 -64 -38 -78 -37 8 45 46 -68 -5 -49 10 0 -87 54 -35 56 58 -23) -10
50
(69 66 -39 96 -2 63 -36 -85 56 -12 -19 -61 -52 -30 3 -37 47 -84 -71 23 18 20 -90 42 -30 18 53 -94 -65 -54 -4 -31 30 -20
 -74 28 1 -44 -30 -59 36 -62 -52 42 -72 18 10 -42 -78 -29 -66 94 51 -55 -23 67 -89) 0
29
(-24 -2 -35 1 -89 24 58 -99 80 79 15 -64 38 13 -44 -67 55 -27 5 -86 12 -76 41 -7 11 -39 -58 -85 -17 -30 -7 -62 28 88 17
 37 77 96 -53 -90 88 -70 -3 60 94 -92 -27 -61 -82 -26 49 -31 -71 -67 95 90 -99) 0
5
(-37 80 -90 95 24 -65 37 51 -74 -72 4 -48 18 -88 -53 98 -8 -6 -96 -94 38 -4 -85 18 -48 -81 74 43 -61 49 68 -32 68 -60
 15 -93 -17 22 93 -51 -12 9 -32 -56 -85 -77 60 -1 -2 21 -44 26 -11 -82 73 -91 -23) 70
27
(80 1 21 34 94 48 10 -12 -12 -34 -84 -38 -99 50 -50 -57 2 23 63 -27 7 27 -57 89 10 35 61 43 41 -13 74 81 3 32 29 83 11
 -47 88 47 -45 87 -97 60 37 -61 -42 -96 65 54 9 68 20 -16 -44 5 6) -60
21
(-52 10 -57 1 -80 91 -57 -57 -99 -81 49 47 5 -100 70 21 -3 -93 -23 48 -88 -80 73 50 -52 -12 36 10 -54 -91 -63 11 72 27
 83 85 -72 -14 -77 -31 80 -43 92 -9 82 95 -42 -15 -60 -94 86 -65 -81 98 98 -68 90) 40
65
(-32 67 -6 15 -25 -17 77 -72 27 68 -56 -22 74 42 -1 29 -43 38 41 99 -14 17 52 51 -53 65 -35 -16 -1 -11 83 0 -18 58 11
 79 71 -62 91 -52 67 74 -7 -23 57 66 43 -83 26 7 39 -13 -92 -94 -22 11 82) 30
74
(66 -94 -81 23 -19 -79 64 87 -95 63 -22 -47 -33 -15 28 15 -53 95 49 -8 45 29 -7 -83 68 -78 -99 19 -72 -77 -43 -10 29
 -65 -93 34 -11 -22 -96 -30 -60 -76 36 -92 -61 41 80 -96 -16 -79 6 30 -45 24 -44 47 -48) -10
17
(28 47 46 -100 -23 -11 18 -54 -97 -35 -52 58 -34 15 63 52 -58 -62 -76 -37 14 69 -74 69 -96 85 69 22 -95 -36 -36 4 91 29
 21 -70 85 -85 -70 -65 71 66 -60 -2 97 -93 -26 -26 -13 -54 -16 9 13 25 71 -1 86) -40
83
(-30 71 -9 99 -28 -40 -22 -9 78 1 32 -44 92 -53 49 -89 -3 -40 62 10 -89 -41 46 -8 -49 -70 -32 67 -28 -70 -98 87 51 8
 -18 7 -22 11 -87 29 71 55 6 -44 0 99 30 -8 19 0 -8 3 -67 -58 84 56 62) 40

the most fit of the sample ...
5
(-37 80 -90 95 24 -65 37 51 -74 -72 4 -48 18 -88 -53 98 -8 -6 -96 -94 38 -4 -85 18 -48 -81 74 43 -61 49 68 -32 68 -60
 15 -93 -17 22 93 -51 -12 9 -32 -56 -85 -77 60 -1 -2 21 -44 26 -11 -82 73 -91 -23) 70

Selected individual =
5
(-37 80 -90 95 24 -65 37 51 -74 -72 4 -48 18 -88 -53 98 -8 -6 -96 -94 38 -4 -85 18 -48 -81 74 43 -61 49 68 -32 68 -60
 15 -93 -17 22 93 -51 -12 9 -32 -56 -85 -77 60 -1 -2 21 -44 26 -11 -82 73 -91 -23) 70
Possibly muted individual =
5
(-37 80 -90 95 24 -65 37 51 -74 -72 4 -48 18 -88 -53 98 -8 -6 -96 -94 38 -4 -85 18 -48 -81 74 43 -61 49 68 -32 68 -60
 15 -93 -17 22 93 -51 -12 9 -32 -56 -85 -77 60 -1 -2 21 -44 26 -11 -82 73 -91 -23) 70
Renumbered individual =
8
(-37 80 -90 95 24 -65 37 51 -74 -72 4 -48 18 -88 -53 98 -8 -6 -96 -94 38 -4 -85 18 -48 -81 74 43 -61 49 68 -32 68 -60
 15 -93 -17 22 93 -51 -12 9 -32 -56 -85 -77 60 -1 -2 21 -44 26 -11 -82 73 -91 -23) 70
-------------------------------------------------------------------------




Generation 1 population ...

1
(-10 -39 52 51 39 -71 2 65 -48 79 86 -70 83 -49 62 50 -29 -96 -27 86 -94 79 66 80 69 11 -33 77 68 -96 19 64 -51 -50 -70
 54 -16 65 91 -22 -46 33 95 -87 20 -30 -33 53 75 -5 -60 60 56 16 -10 -88 48) 20
2
(-9 14 -5 3 85 -10 -99 -20 85 -76 -81 67 -6 7 -62 -36 -85 88 12 94 58 -59 -60 -18 64 -1 7 51 46 -66 0 -63 -92 58 89 48
 -4 25 37 -84 77 22 25 29 -62 38 -60 -17 -13 -5 -52 81 25 -5 -38 -57 -60) 80
3
(-9 14 -5 3 85 -10 -99 -20 85 -76 -81 67 -6 7 -62 -36 -85 88 12 94 58 -59 -60 -18 64 -1 7 51 46 -66 0 -63 -92 58 89 48
 -4 25 37 -84 77 22 25 29 -62 38 -60 -17 -13 -5 -52 81 25 -5 -38 -57 -60) 80
4
(62 75 11 21 86 -48 45 7 96 40 52 -77 88 2 -63 83 29 -70 -54 -66 -75 -59 -30 34 13 96 -59 -4 -52 64 38 26 -73 72 43 -59
 4 -24 45 -63 33 43 -85 -48 -52 -89 31 -90 43 -57 85 75 35 17 9 78 -100) 40
5
(-37 80 -90 95 24 -65 37 51 -74 -72 4 -48 18 -88 -53 98 -8 -6 -96 -94 38 -4 -85 18 -48 -81 74 43 -61 49 68 -32 68 -60
 15 -93 -17 22 93 -51 -12 9 -32 -56 -85 -77 60 -1 -2 21 -44 26 -11 -82 73 -91 -23) 70
6
(51 33 71 68 -5 4 31 74 53 16 11 -32 62 -56 18 58 31 94 50 -93 12 90 -66 65 79 32 -53 6 77 -88 51 31 -74 14 94 54 -1 90
 -58 -39 -87 -48 -63 -13 57 -17 -84 -40 -57 -37 -60 68 -70 53 -3 75 97) 30
7
(62 75 11 21 86 -48 45 7 96 40 52 -77 88 2 -63 -8 29 -70 -54 -66 -75 -59 -30 34 13 96 -59 -4 -52 64 38 26 -73 72 43 -59
 4 -24 45 -63 33 43 -85 -48 -52 -89 31 -90 43 -57 85 75 35 17 9 78 -100) 40
8
(-37 80 -90 95 24 -65 37 51 -74 -72 4 -48 18 -88 -53 98 -8 -6 -96 -94 38 -4 -85 18 -48 -81 74 43 -61 49 68 -32 68 -60
 15 -93 -17 22 93 -51 -12 9 -32 -56 -85 -77 60 -1 -2 21 -44 26 -11 -82 73 -91 -23) 70



-------------------------------------------------------------------------
the sample of individuals ...
62
(9 -78 79 46 55 5 29 -75 -97 26 -51 -9 47 40 97 -15 -41 91 -7 -20 -35 -84 -17 -18 -95 61 50 26 -55 -57 -18 -99 52 14
 -56 -15 88 -79 -75 69 -98 44 98 25 59 8 -37 11 48 80 62 -73 -64 -60 -58 96 -89) -40
92
(16 94 -86 63 -33 -51 -59 93 -88 30 -7 6 74 44 -36 43 -2 35 14 88 44 -73 75 -52 64 77 -82 12 -17 47 98 -17 -20 74 81 81
 63 81 15 82 -13 -79 29 46 -59 37 -79 85 -86 98 83 91 -16 10 63 39 26) 10
33
(-14 -6 -91 -69 -91 12 3 -50 -84 16 74 36 95 -82 30 43 -16 -61 -18 -42 84 0 56 -12 28 -6 -38 -56 -64 65 -40 -87 -23 -84
 -14 -71 44 74 -51 96 84 88 0 9 -26 64 -74 17 21 -18 -72 37 46 -37 -78 -46 -37) 20
88
(-8 6 -15 41 74 -16 40 5 -15 53 -34 -87 -15 28 -91 -25 -48 46 -55 96 33 17 59 72 99 -33 -16 -50 73 -58 -24 39 18 64 66
 66 8 -93 21 43 -69 56 -50 26 -11 54 -17 43 78 14 -100 -74 63 47 30 14 25) -70
29
(-24 -2 -35 1 -89 24 58 -99 80 79 15 -64 38 13 -44 -67 55 -27 5 -86 12 -76 41 -7 11 -39 -58 -85 -17 -30 -7 -62 28 88 17
 37 77 96 -53 -90 88 -70 -3 60 94 -92 -27 -61 -82 -26 49 -31 -71 -67 95 90 -99) 0
6
(-5 47 -56 -46 -46 -7 30 1 -26 13 -37 -57 -53 -31 90 -49 -62 90 -70 -51 97 96 -73 -10 -49 87 -97 -19 -85 -17 -36 -26
 -44 98 38 84 24 -46 56 53 55 -6 33 2 -1 -77 -54 58 -23 -97 76 38 48 38 -46 -35 -81) -10
7
(62 75 11 21 86 -48 45 7 96 40 52 -77 88 2 -63 -8 29 -70 -54 -66 -75 -59 -30 34 13 96 -59 -4 -52 64 38 26 -73 72 43 -59
 4 -24 45 -63 33 43 -85 -48 -52 -89 31 -90 43 -57 85 75 35 17 9 78 -100) 40
14
(72 -26 -15 39 -65 -66 11 21 -94 -42 8 50 -74 -68 -100 -76 36 93 44 38 -7 -24 36 44 -66 -46 3 -71 79 -78 83 91 -82 -4
 -20 -76 -16 64 -48 9 -3 -70 71 -4 -22 58 -61 43 72 84 58 -15 68 -49 33 -93 -33) 50
41
(-3 -84 87 69 -67 21 -39 -23 -75 48 -30 75 2 -84 -11 33 70 56 43 -40 30 -85 7 -75 -50 43 58 -12 26 -15 -50 -60 53 9 85
 7 29 4 -94 -12 -21 95 12 -50 -3 -12 -64 12 5 63 62 -31 -23 -80 65 84 -5) 10
71
(99 13 87 66 90 42 58 82 -14 18 15 -71 36 -19 44 41 -37 -83 -37 -81 55 -46 -55 18 -69 61 -88 -71 97 80 15 84 -69 -54 55
 72 42 62 -67 86 -23 27 -75 66 80 -61 -53 94 -100 -18 34 22 -93 -18 -1 76 75) 30
62
(9 -78 79 46 55 5 29 -75 -97 26 -51 -9 47 40 97 -15 -41 91 -7 -20 -35 -84 -17 -18 -95 61 50 26 -55 -57 -18 -99 52 14
 -56 -15 88 -79 -75 69 -98 44 98 25 59 8 -37 11 48 80 62 -73 -64 -60 -58 96 -89) -40
34
(-68 52 -59 98 26 -31 -77 -19 -55 -31 24 -78 43 -64 -38 -86 -60 79 61 91 -74 -56 15 56 -11 -20 43 86 10 63 -72 -88 58
 -32 65 -78 94 20 61 -41 50 -94 -58 85 48 -66 -36 -75 4 0 -39 38 88 84 92 -23 64) 0
37
(83 -22 77 24 68 82 14 -1 65 -27 -27 8 38 -95 25 -9 78 -18 31 -71 -12 -63 -65 -70 54 18 -67 -15 -89 88 15 -71 -6 9 91
 40 44 93 -49 -30 65 -54 -31 -84 75 -41 87 59 -63 -12 38 -67 51 -99 -58 37 -7) 30
48
(31 -9 -63 98 11 -81 84 -49 42 -7 -72 -66 -65 -100 61 91 -88 10 -95 70 -96 0 -100 -60 -49 32 -29 27 -25 41 31 63 -10
 -20 69 10 -63 -98 -18 -91 69 83 95 2 -74 -57 72 28 75 37 87 -29 -74 66 -68 91 -98) 0
49
(-55 -92 84 -26 -97 -72 17 -66 -26 -43 59 -41 -20 -44 54 41 58 -55 80 38 72 -26 15 54 62 -24 82 99 50 -89 4 53 -17 16
 63 -2 98 28 -99 37 -27 48 -33 36 54 -27 -64 91 79 64 48 45 -34 -47 44 9 20) 30
50
(69 66 -39 96 -2 63 -36 -85 56 -12 -19 -61 -52 -30 3 -37 47 -84 -71 23 18 20 -90 42 -30 18 53 -94 -65 -54 -4 -31 30 -20
 -74 28 1 -44 -30 -59 36 -62 -52 42 -72 18 10 -42 -78 -29 -66 94 51 -55 -23 67 -89) 0

the most fit of the sample ...
14
(72 -26 -15 39 -65 -66 11 21 -94 -42 8 50 -74 -68 -100 -76 36 93 44 38 -7 -24 36 44 -66 -46 3 -71 79 -78 83 91 -82 -4
 -20 -76 -16 64 -48 9 -3 -70 71 -4 -22 58 -61 43 72 84 58 -15 68 -49 33 -93 -33) 50

Selected individual =
14
(72 -26 -15 39 -65 -66 11 21 -94 -42 8 50 -74 -68 -100 -76 36 93 44 38 -7 -24 36 44 -66 -46 3 -71 79 -78 83 91 -82 -4
 -20 -76 -16 64 -48 9 -3 -70 71 -4 -22 58 -61 43 72 84 58 -15 68 -49 33 -93 -33) 50
Possibly muted individual =
14
(72 -26 -15 39 -65 -66 11 21 -94 -42 8 50 -74 -68 -100 -76 36 93 44 38 -7 -24 36 44 -66 -46 3 -71 79 -78 83 91 -82 -4
 -20 -76 -16 64 -48 9 -3 -70 71 -4 -22 58 -61 43 72 84 58 -15 68 -49 33 -93 -33) 50
Renumbered individual =
9
(72 -26 -15 39 -65 -66 11 21 -94 -42 8 50 -74 -68 -100 -76 36 93 44 38 -7 -24 36 44 -66 -46 3 -71 79 -78 83 91 -82 -4
 -20 -76 -16 64 -48 9 -3 -70 71 -4 -22 58 -61 43 72 84 58 -15 68 -49 33 -93 -33) 50
-------------------------------------------------------------------------




Generation 1 population ...

1
(-10 -39 52 51 39 -71 2 65 -48 79 86 -70 83 -49 62 50 -29 -96 -27 86 -94 79 66 80 69 11 -33 77 68 -96 19 64 -51 -50 -70
 54 -16 65 91 -22 -46 33 95 -87 20 -30 -33 53 75 -5 -60 60 56 16 -10 -88 48) 20
2
(-9 14 -5 3 85 -10 -99 -20 85 -76 -81 67 -6 7 -62 -36 -85 88 12 94 58 -59 -60 -18 64 -1 7 51 46 -66 0 -63 -92 58 89 48
 -4 25 37 -84 77 22 25 29 -62 38 -60 -17 -13 -5 -52 81 25 -5 -38 -57 -60) 80
3
(-9 14 -5 3 85 -10 -99 -20 85 -76 -81 67 -6 7 -62 -36 -85 88 12 94 58 -59 -60 -18 64 -1 7 51 46 -66 0 -63 -92 58 89 48
 -4 25 37 -84 77 22 25 29 -62 38 -60 -17 -13 -5 -52 81 25 -5 -38 -57 -60) 80
4
(62 75 11 21 86 -48 45 7 96 40 52 -77 88 2 -63 83 29 -70 -54 -66 -75 -59 -30 34 13 96 -59 -4 -52 64 38 26 -73 72 43 -59
 4 -24 45 -63 33 43 -85 -48 -52 -89 31 -90 43 -57 85 75 35 17 9 78 -100) 40
5
(-37 80 -90 95 24 -65 37 51 -74 -72 4 -48 18 -88 -53 98 -8 -6 -96 -94 38 -4 -85 18 -48 -81 74 43 -61 49 68 -32 68 -60
 15 -93 -17 22 93 -51 -12 9 -32 -56 -85 -77 60 -1 -2 21 -44 26 -11 -82 73 -91 -23) 70
6
(51 33 71 68 -5 4 31 74 53 16 11 -32 62 -56 18 58 31 94 50 -93 12 90 -66 65 79 32 -53 6 77 -88 51 31 -74 14 94 54 -1 90
 -58 -39 -87 -48 -63 -13 57 -17 -84 -40 -57 -37 -60 68 -70 53 -3 75 97) 30
7
(62 75 11 21 86 -48 45 7 96 40 52 -77 88 2 -63 -8 29 -70 -54 -66 -75 -59 -30 34 13 96 -59 -4 -52 64 38 26 -73 72 43 -59
 4 -24 45 -63 33 43 -85 -48 -52 -89 31 -90 43 -57 85 75 35 17 9 78 -100) 40
8
(-37 80 -90 95 24 -65 37 51 -74 -72 4 -48 18 -88 -53 98 -8 -6 -96 -94 38 -4 -85 18 -48 -81 74 43 -61 49 68 -32 68 -60
 15 -93 -17 22 93 -51 -12 9 -32 -56 -85 -77 60 -1 -2 21 -44 26 -11 -82 73 -91 -23) 70
9
(72 -26 -15 39 -65 -66 11 21 -94 -42 8 50 -74 -68 -100 -76 36 93 44 38 -7 -24 36 44 -66 -46 3 -71 79 -78 83 91 -82 -4
 -20 -76 -16 64 -48 9 -3 -70 71 -4 -22 58 -61 43 72 84 58 -15 68 -49 33 -93 -33) 50



-------------------------------------------------------------------------
the sample of individuals ...
22
(-32 88 -75 -2 18 -98 55 57 39 -55 8 -10 -26 16 19 -71 -34 72 6 -50 70 56 13 -80 84 12 86 -44 -49 -59 29 -90 32 45 80
 -56 82 5 -53 1 -88 81 27 -94 61 -80 -52 16 12 70 93 95 -96 -84 0 -61 98) -40
6
(-5 47 -56 -46 -46 -7 30 1 -26 13 -37 -57 -53 -31 90 -49 -62 90 -70 -51 97 96 -73 -10 -49 87 -97 -19 -85 -17 -36 -26
 -44 98 38 84 24 -46 56 53 55 -6 33 2 -1 -77 -54 58 -23 -97 76 38 48 38 -46 -35 -81) -10
67
(48 27 50 64 -28 -95 16 -36 -35 -15 -3 -38 -65 90 -61 -17 -80 -89 23 91 -34 86 4 27 -72 90 0 73 17 -45 28 9 3 -53 86
 -100 64 24 24 -41 65 47 -88 -53 65 -75 40 45 -88 -90 86 -51 82 -39 -37 -95 0) 30
94
(-56 77 95 32 -69 -56 53 -73 15 -4 -43 -81 -70 -8 0 -74 45 16 -27 54 44 -83 72 -84 -48 25 -65 -54 -49 -3 -34 7 73 -68
 -14 -69 26 -40 -41 -50 -3 -94 60 -87 13 4 83 65 27 -87 -12 24 -11 89 10 -58 -52) -10
1
(47 97 -42 11 -36 73 87 32 95 -45 42 9 55 -87 3 -99 -19 -33 97 -11 -65 -74 -78 10 71 90 27 -67 75 30 -93 38 -50 -19 63
 16 11 -55 21 -95 -25 30 -85 52 54 22 -1 9 42 44 23 -38 -38 -5 33 30 -74) -70
54
(18 -98 -36 -96 18 -34 -87 -59 -34 -22 -85 -78 -38 89 63 -3 -65 -80 -86 40 9 86 -80 64 90 63 -49 -8 -10 76 66 -59 -57
 23 -87 42 -72 -63 -74 -28 -44 45 -72 -99 -97 12 66 59 66 18 -53 8 -55 -82 -67 82 -2) -20
81
(31 -64 -96 -84 -50 67 86 -3 22 -11 -16 71 -21 -8 -15 57 -96 41 -14 45 35 0 -26 82 94 83 4 13 -18 -62 34 -22 93 -6 87
 -27 -71 53 46 -50 93 54 15 86 -34 -33 71 -83 -3 53 30 -90 -71 -96 86 71 -28) 10
72
(10 -43 -52 -54 54 56 -18 -19 23 4 -31 -5 -86 94 93 -39 -84 0 62 38 96 95 94 46 63 -2 -71 -22 1 27 -95 84 -57 15 58 -99
 -77 -80 -67 -48 4 72 -26 -66 -11 -3 24 19 -44 97 -26 46 -90 -38 18 -13 -25) -40
61
(-56 51 -22 42 78 33 29 13 61 33 -17 6 -25 25 -8 -33 83 98 -36 -25 -21 55 -94 -6 84 42 -81 14 63 -55 -77 85 76 -69 -71
 -65 36 -18 -22 -17 4 -14 -8 -93 -41 61 -59 95 -62 -41 -69 73 -32 -74 60 -52 -34) -60
77
(16 89 3 -60 46 34 -46 68 -79 5 -37 49 -46 -10 87 -19 9 55 -15 9 -1 -43 58 54 81 49 84 99 -38 15 -7 36 32 80 28 -33 -60
 82 12 87 28 -4 62 -61 42 85 -54 94 -76 76 67 71 -4 23 -95 -39 39) 10
17
(28 47 46 -100 -23 -11 18 -54 -97 -35 -52 58 -34 15 63 52 -58 -62 -76 -37 14 69 -74 69 -96 85 69 22 -95 -36 -36 4 91 29
 21 -70 85 -85 -70 -65 71 66 -60 -2 97 -93 -26 -26 -13 -54 -16 9 13 25 71 -1 86) -40
42
(5 41 -65 72 -90 2 -70 91 65 -27 -65 34 -89 -60 -58 6 -61 -48 9 -59 24 -67 -18 10 -71 42 -38 -63 16 28 -78 -27 26 74 42
 -76 -8 -80 -88 87 -82 -10 -56 -83 45 25 -96 95 51 -50 -61 -92 -9 28 0 44 63) -10
41
(-3 -84 87 69 -67 21 -39 -23 -75 48 -30 75 2 -84 -11 33 70 56 43 -40 30 -85 7 -75 -50 43 58 -12 26 -15 -50 -60 53 9 85
 7 29 4 -94 -12 -21 95 12 -50 -3 -12 -64 12 5 63 62 -31 -23 -80 65 84 -5) 10
73
(17 48 -14 92 12 82 38 -84 -42 -20 41 48 5 -2 -3 32 73 95 -29 -56 -15 -41 -90 5 -64 74 15 -46 17 -14 57 -80 -63 -85 3
 -17 -28 -89 -77 -96 -44 81 -1 -75 -1 84 20 37 -8 76 26 -6 -20 -63 60 53 44) 30
61
(-56 51 -22 42 78 33 29 13 61 33 -17 6 -25 25 -8 -33 83 98 -36 -25 -21 55 -94 -6 84 42 -81 14 63 -55 -77 85 76 -69 -71
 -65 36 -18 -22 -17 4 -14 -8 -93 -41 61 -59 95 -62 -41 -69 73 -32 -74 60 -52 -34) -60
20
(-6 -33 -49 9 48 34 18 -86 85 9 73 76 -95 3 64 5 -82 24 64 -94 51 -38 79 -53 75 -2 -19 52 85 85 -50 -20 -91 -57 -83 64
 96 61 -27 15 65 -92 -64 61 64 7 -94 42 64 -85 53 98 -97 51 -52 21 95) -20

the most fit of the sample ...
67
(48 27 50 64 -28 -95 16 -36 -35 -15 -3 -38 -65 90 -61 -17 -80 -89 23 91 -34 86 4 27 -72 90 0 73 17 -45 28 9 3 -53 86
 -100 64 24 24 -41 65 47 -88 -53 65 -75 40 45 -88 -90 86 -51 82 -39 -37 -95 0) 30

Selected individual =
67
(48 27 50 64 -28 -95 16 -36 -35 -15 -3 -38 -65 90 -61 -17 -80 -89 23 91 -34 86 4 27 -72 90 0 73 17 -45 28 9 3 -53 86
 -100 64 24 24 -41 65 47 -88 -53 65 -75 40 45 -88 -90 86 -51 82 -39 -37 -95 0) 30
Possibly muted individual =
67
(48 27 50 64 -28 -95 16 -36 -35 -15 -3 -38 -65 90 -61 -17 -80 -89 23 91 -34 86 4 27 -72 90 0 73 17 -45 28 9 3 -53 86
 -100 64 24 24 -41 65 47 -88 -53 65 -75 40 45 -88 -90 86 -51 82 -39 -37 -95 0) 30
Renumbered individual =
10
(48 27 50 64 -28 -95 16 -36 -35 -15 -3 -38 -65 90 -61 -17 -80 -89 23 91 -34 86 4 27 -72 90 0 73 17 -45 28 9 3 -53 86
 -100 64 24 24 -41 65 47 -88 -53 65 -75 40 45 -88 -90 86 -51 82 -39 -37 -95 0) 30
-------------------------------------------------------------------------




Generation 1 population ...

1
(-10 -39 52 51 39 -71 2 65 -48 79 86 -70 83 -49 62 50 -29 -96 -27 86 -94 79 66 80 69 11 -33 77 68 -96 19 64 -51 -50 -70
 54 -16 65 91 -22 -46 33 95 -87 20 -30 -33 53 75 -5 -60 60 56 16 -10 -88 48) 20
2
(-9 14 -5 3 85 -10 -99 -20 85 -76 -81 67 -6 7 -62 -36 -85 88 12 94 58 -59 -60 -18 64 -1 7 51 46 -66 0 -63 -92 58 89 48
 -4 25 37 -84 77 22 25 29 -62 38 -60 -17 -13 -5 -52 81 25 -5 -38 -57 -60) 80
3
(-9 14 -5 3 85 -10 -99 -20 85 -76 -81 67 -6 7 -62 -36 -85 88 12 94 58 -59 -60 -18 64 -1 7 51 46 -66 0 -63 -92 58 89 48
 -4 25 37 -84 77 22 25 29 -62 38 -60 -17 -13 -5 -52 81 25 -5 -38 -57 -60) 80
4
(62 75 11 21 86 -48 45 7 96 40 52 -77 88 2 -63 83 29 -70 -54 -66 -75 -59 -30 34 13 96 -59 -4 -52 64 38 26 -73 72 43 -59
 4 -24 45 -63 33 43 -85 -48 -52 -89 31 -90 43 -57 85 75 35 17 9 78 -100) 40
5
(-37 80 -90 95 24 -65 37 51 -74 -72 4 -48 18 -88 -53 98 -8 -6 -96 -94 38 -4 -85 18 -48 -81 74 43 -61 49 68 -32 68 -60
 15 -93 -17 22 93 -51 -12 9 -32 -56 -85 -77 60 -1 -2 21 -44 26 -11 -82 73 -91 -23) 70
6
(51 33 71 68 -5 4 31 74 53 16 11 -32 62 -56 18 58 31 94 50 -93 12 90 -66 65 79 32 -53 6 77 -88 51 31 -74 14 94 54 -1 90
 -58 -39 -87 -48 -63 -13 57 -17 -84 -40 -57 -37 -60 68 -70 53 -3 75 97) 30
7
(62 75 11 21 86 -48 45 7 96 40 52 -77 88 2 -63 -8 29 -70 -54 -66 -75 -59 -30 34 13 96 -59 -4 -52 64 38 26 -73 72 43 -59
 4 -24 45 -63 33 43 -85 -48 -52 -89 31 -90 43 -57 85 75 35 17 9 78 -100) 40
8
(-37 80 -90 95 24 -65 37 51 -74 -72 4 -48 18 -88 -53 98 -8 -6 -96 -94 38 -4 -85 18 -48 -81 74 43 -61 49 68 -32 68 -60
 15 -93 -17 22 93 -51 -12 9 -32 -56 -85 -77 60 -1 -2 21 -44 26 -11 -82 73 -91 -23) 70
9
(72 -26 -15 39 -65 -66 11 21 -94 -42 8 50 -74 -68 -100 -76 36 93 44 38 -7 -24 36 44 -66 -46 3 -71 79 -78 83 91 -82 -4
 -20 -76 -16 64 -48 9 -3 -70 71 -4 -22 58 -61 43 72 84 58 -15 68 -49 33 -93 -33) 50
10
(48 27 50 64 -28 -95 16 -36 -35 -15 -3 -38 -65 90 -61 -17 -80 -89 23 91 -34 86 4 27 -72 90 0 73 17 -45 28 9 3 -53 86
 -100 64 24 24 -41 65 47 -88 -53 65 -75 40 45 -88 -90 86 -51 82 -39 -37 -95 0) 30



-------------------------------------------------------------------------
NIL