[48]> ( population-demo )


Generation 0 population ...

1
(-39 30 -28 -63 -56 27 -38 -15 -10 8 71 25 35 -37 -92 91 -25 -35 -28 -73 57 -54 71 64 -30 -53 89 83 57 -74 26 -43 70 50
 45 84 -78 -50 -29 42 -21 -55 -33 16 -78 -87 10 7 7 15 -65 -74 -14 -41 -51 -55 1) 30
2
(-78 58 -42 -65 38 -76 88 -7 98 0 78 -87 -75 -74 19 -43 22 -95 22 -73 -13 -47 33 53 93 11 68 96 -48 69 50 -66 77 -83
 -88 -30 49 -71 -37 -6 38 69 56 -18 23 43 36 53 -65 -36 -28 -63 -31 -86 -36 0 14) 50
3
(-47 -38 92 20 -97 -86 97 43 1 -6 -84 25 -57 -99 -80 13 52 98 81 -18 89 -28 -5 -61 -30 66 1 -6 -99 38 -22 83 -48 -16 5
 92 -6 51 -54 -58 95 -60 -53 4 -66 -8 -76 56 -59 76 -15 -8 41 -75 -89 43 -63) -20
4
(88 7 -17 34 25 9 -4 -54 -98 -12 48 23 11 -7 -52 -41 22 -89 -93 40 18 -66 95 -9 -26 -81 -2 27 -75 -32 -65 41 61 75 32
 -32 -86 -91 41 77 3 -70 -64 -2 2 -67 5 -32 79 -78 -90 -5 43 -10 50 -53 71) -40
5
(59 -33 -49 -20 15 54 12 98 76 -52 -40 -92 -32 18 -31 64 12 -52 -58 -94 -1 -13 35 -56 -94 20 72 -19 20 -16 17 -32 -83
 85 4 -4 -68 42 -64 87 -20 -19 -46 78 -16 -42 24 69 61 -29 65 81 -73 -52 80 -7 -88) -10
6
(-58 -17 6 -41 -6 -72 -95 36 94 36 -69 71 25 30 -60 -40 -23 -74 71 -17 -42 8 74 -85 94 -11 88 68 73 47 17 -92 36 -25 63
 40 32 -63 1 -70 11 37 82 -65 4 77 16 -61 -16 35 88 58 -30 26 -82 -81 -12) -40
7
(-53 71 -48 1 -88 -70 22 70 50 -72 -26 -94 52 -15 -99 -93 -97 57 -18 -54 -17 -3 83 68 -46 32 -92 -47 86 98 -15 -1 2 -82
 -71 46 10 -38 -83 -61 30 48 91 31 -23 -87 5 56 -100 79 -79 -27 -6 -31 -22 19 99) 0
8
(49 27 -100 -44 46 -63 29 12 -76 -8 94 -98 -95 -6 -68 43 -39 29 16 87 -7 -68 -32 82 61 -93 -69 47 -36 -35 6 -90 -39 40
 99 99 -54 14 -81 -81 98 -12 -22 -36 25 -11 57 -5 -71 -91 -91 88 -47 88 76 58 35) 60
9
(43 92 53 -16 63 5 50 17 51 -58 68 -99 -7 -11 3 -72 22 34 -61 -24 -27 90 -76 -87 27 38 -78 16 -94 51 -77 97 -40 -54 14
 -77 30 -80 48 -88 36 -43 -49 -64 26 14 -6 30 31 -27 45 -9 67 54 -9 80 -74) -10
10
(26 -35 -41 -6 62 55 -74 -77 35 -72 -90 -52 62 -96 -48 -78 47 -36 -77 -87 -44 -6 11 44 52 -88 -66 -1 -2 52 -81 -32 59
 19 -50 87 -90 -52 -28 99 -32 4 -56 -81 -8 66 -9 -58 85 74 78 -27 -3 -68 72 16 7) -10
11
(92 -35 97 -38 -14 -82 39 14 74 4 18 88 -37 17 26 -87 -30 59 95 30 -91 54 -24 -9 -86 56 31 25 72 93 -23 -66 99 51 -63
 -94 -53 29 -13 6 -77 -54 -85 -17 4 -35 -10 38 41 -51 70 63 34 -76 0 20 44) -90
12
(-78 55 -22 22 66 8 80 91 -63 94 -35 -67 -68 -58 -95 94 -32 -46 -7 46 82 -16 -42 18 31 -78 13 25 83 37 -66 -32 28 -100
 54 -27 -18 -3 -41 85 79 65 -67 -96 -14 -58 -95 -30 86 -90 -41 -78 70 48 -70 -19 73) -10
13
(-52 46 -22 -7 -64 -29 93 86 -88 -58 -98 98 32 -15 89 -84 -22 87 86 88 68 -29 -48 -69 -79 25 -32 -38 37 -38 -6 -94 43
 42 28 -81 49 27 -28 55 81 -46 -71 -82 32 -90 -97 10 -32 -98 37 86 24 66 56 57 88) -10
14
(95 -16 -42 0 70 -8 43 97 91 -80 -52 -32 96 29 -96 40 9 29 97 70 -24 38 15 44 -95 -2 27 73 68 26 -26 62 -80 -63 81 25
 93 16 -84 -28 87 -26 -78 76 80 72 57 84 -68 -4 -75 -86 -35 -9 -12 -82 -25) 20
15
(17 -55 9 -77 61 50 -62 13 13 92 -88 0 90 -91 69 87 54 87 -66 -60 -28 -30 -49 43 68 56 -53 -98 -6 88 -18 33 45 -18 -35
 -12 -13 -73 -61 -10 18 -57 60 39 78 29 67 19 47 -76 -2 -68 -54 -30 -73 38 -18) -70
16
(-61 -53 -77 54 20 -12 94 28 66 -80 -22 58 99 90 11 16 -86 78 -23 -45 5 96 51 -78 65 28 -49 42 42 44 -59 -87 69 -80 91
 -75 -32 -33 72 -44 7 73 -5 26 47 -58 27 -95 4 -74 -16 74 13 -30 -66 -65 29) -30
17
(23 95 -69 42 -88 47 87 -48 -30 -89 -35 28 56 -51 21 59 -65 97 -27 -85 49 15 -37 -89 4 10 75 -43 26 61 -66 89 -24 82 -1
 90 -31 -59 30 98 -53 -97 -42 -64 71 6 -71 -57 51 -31 -47 -82 1 71 -65 -39 23) -30
18
(-40 86 52 -97 48 -2 -35 -17 96 -68 41 24 -10 46 -5 -55 75 -6 51 -13 -14 62 -53 77 -34 39 -14 23 -69 -92 26 -40 -31 74
 44 -13 -18 8 97 60 -37 -69 -80 -51 -52 33 13 5 -14 -57 -82 62 43 53 -18 -92 63) 10
19
(87 -83 83 66 12 -4 -65 70 96 -53 -36 64 -68 -12 6 1 27 -73 -48 -83 61 46 15 -82 -98 73 -50 55 54 74 97 -21 96 7 44 93
 93 37 -52 -48 40 -23 -5 -81 82 55 86 11 54 -34 64 -30 -61 -49 -97 36 47) 10
20
(92 75 79 80 -99 60 -13 59 58 -77 60 64 -10 23 44 -54 40 79 -24 73 -86 52 -71 82 -52 62 43 11 48 -12 -1 -71 78 -65 3
 -19 23 69 -2 -24 68 48 47 -99 31 -65 -59 -83 -98 -30 70 -54 -75 -16 2 72 -62) 30
21
(50 -89 -59 -71 -33 46 -90 72 -8 -54 -77 -38 84 46 47 -90 -29 45 43 -97 -35 -55 11 36 10 87 -11 -17 -47 72 -73 56 52
 -24 24 -23 -88 32 92 -38 -81 -43 -86 52 96 41 16 64 -68 -17 83 -65 24 89 25 -15 88) 20
22
(4 2 25 -96 -47 56 -74 -45 52 5 49 30 -18 -44 3 52 -100 -4 62 -22 -80 2 89 34 29 -83 63 90 -91 26 63 51 -67 16 35 29 53
 -36 35 32 3 76 17 -5 79 -99 -83 78 63 -1 -64 26 98 70 -85 -26 31) 60
23
(-15 -33 17 -43 37 92 -99 -86 40 77 -16 6 -80 16 67 -33 68 17 -19 61 96 30 -17 29 -4 74 -25 81 -53 -60 -97 12 38 -18 14
 -48 -31 -63 4 -54 2 54 64 10 -97 77 -93 -34 -41 -24 76 46 -43 14 -91 79 -45) 40
24
(11 -6 43 -37 -44 87 29 -50 -98 96 -33 71 38 97 86 -42 63 -74 82 55 -22 -94 -39 19 31 90 19 52 23 32 -91 75 92 -13 9
 -100 13 84 -46 -73 13 17 2 54 -54 -92 46 -37 80 -94 -26 -87 -66 14 72 -31 86) 10
25
(-27 60 -75 39 18 87 86 -83 26 98 71 5 23 66 41 -37 47 88 -40 6 84 -63 -78 89 -5 85 -51 -94 80 -78 -88 37 94 32 7 -33
 57 -92 66 21 -90 32 92 -67 16 63 -42 90 -13 -29 67 -70 -78 64 75 1 11) 10
26
(-71 35 -10 -25 16 -94 -77 53 0 19 -81 94 -59 87 61 33 -71 -62 -19 70 31 84 -40 -91 -47 32 6 -90 -85 -58 -47 -48 -72
 -62 26 -83 -22 5 97 50 -4 -63 23 -31 26 -97 77 25 -66 83 -36 -54 51 -4 70 68 -37) 0
27
(-10 -15 -56 -86 10 -39 -85 -38 -77 5 80 -8 -47 -9 -12 -92 64 -98 -30 -93 -8 -59 14 -42 -59 92 84 10 -11 -52 81 -32 -89
 -83 -9 -3 72 97 -93 81 62 40 -56 26 -56 -4 12 15 26 69 40 87 -29 -83 -70 91 8) 60
28
(-61 36 -74 -23 -55 -92 90 -79 15 76 -69 56 -88 -14 67 83 -53 79 71 48 2 -54 95 45 -92 36 16 -32 -44 3 -45 30 -7 -39
 -35 -42 -74 -35 -57 37 90 -81 93 82 -40 -66 1 -39 -90 99 -64 -46 71 -11 90 49 -46) -10
29
(94 20 78 -53 -14 23 13 56 93 -32 -51 83 11 -49 -30 53 40 99 -27 30 16 -61 33 -56 61 76 -42 -4 -41 -32 -88 -71 -35 -29
 55 -94 7 -98 38 -82 -90 -10 78 16 -81 -76 -54 79 -2 76 -14 37 -97 96 -45 2 29) -40
30
(-3 -44 48 -50 -45 24 87 90 -9 9 -32 -7 -54 1 -12 28 1 -72 20 -31 -100 91 -71 42 10 -31 -52 21 82 31 20 51 -31 3 -43
 -30 57 90 -3 93 46 28 39 34 1 -83 -78 33 63 12 57 81 48 62 74 12 -5) -10
31
(-54 66 -56 -89 -12 -51 -2 -39 36 -15 13 91 -26 -46 -34 89 90 -83 80 84 -85 -73 67 73 34 -51 -82 16 51 4 68 -88 20 48
 -7 -48 99 -17 -57 13 -81 -43 29 -23 -76 -57 69 79 -71 -94 27 -78 75 4 -61 94 -70) 70
32
(88 -22 -20 25 61 -47 -8 -64 -51 71 76 -100 -16 30 -4 -77 72 3 -86 -13 52 -23 2 -38 56 -59 -83 -27 -63 65 -73 -29 -28
 83 91 81 -2 -60 12 -90 67 68 12 62 -31 -61 72 98 91 -89 63 60 9 -61 72 29 -99) 20
33
(36 67 48 -2 12 -19 -81 -25 1 46 -21 23 53 20 70 -40 -26 72 -69 49 -11 7 -46 -89 57 -32 31 -58 99 66 -15 2 17 45 -2 99
 -67 85 3 50 -42 -91 -81 -41 -28 72 7 -83 30 72 1 66 53 -23 -12 33 48) -40
34
(-51 35 -78 -40 -80 -8 -25 -36 98 -19 47 -4 18 90 13 -88 80 -44 39 -72 -80 26 25 -85 -84 -71 -94 91 96 -33 60 29 13 -38
 -90 3 17 -24 12 -20 -12 61 19 -47 98 59 -97 80 -10 59 -65 58 51 39 -2 95 27) 80
35
(42 50 86 2 -52 54 64 33 66 18 -99 46 1 48 66 49 -8 -89 -61 -18 -83 -79 5 16 -68 23 2 -38 -10 66 -64 78 -10 41 80 16
 -20 40 16 -95 -93 -42 -53 -9 93 -92 -18 -94 20 42 -20 -74 -79 -13 9 -74 79) -10
36
(-58 0 21 94 -18 -73 5 -93 65 79 -22 4 -86 15 -35 -9 41 -40 20 74 -24 -96 38 74 -3 10 -38 14 -67 -14 -57 59 53 -37 59
 -16 -87 -13 -1 2 -24 -20 63 -97 20 67 -59 -92 -28 26 -20 1 -13 0 -25 -46 -88) -10
37
(-11 9 -90 78 -63 -19 25 -4 -4 -50 -44 -35 -98 13 34 71 -58 -80 35 -59 -3 32 -69 -17 98 48 -6 14 -59 51 -21 -37 95 44 7
 -24 70 86 17 27 -45 60 -70 80 22 71 -67 -11 -65 -19 49 -74 44 7 28 -39 -56) -20
38
(-40 44 -71 -8 59 -26 -34 46 91 -54 -7 -48 -77 -85 97 80 -82 -15 -85 -45 -27 41 4 37 -66 -87 15 -63 1 14 60 -13 -76 -23
 -4 -39 -82 35 72 -85 78 47 -47 0 91 -26 8 -70 -5 -94 93 -9 -25 79 -22 65 -5) 0
39
(59 32 68 -56 91 -50 -83 -53 -81 -1 -73 -10 -86 -22 6 92 13 50 14 -97 -76 -66 50 -52 -19 64 -32 -68 6 -80 74 -13 38 -72
 -43 66 1 -57 -20 38 -26 33 51 -87 -61 92 -42 14 -43 2 -54 15 26 59 -56 -15 98) -10
40
(34 -88 45 -17 -67 -15 55 75 0 4 32 49 -47 -80 -27 8 75 61 88 93 85 20 52 -89 -22 59 -93 67 89 -68 2 -16 -60 -60 -94 99
 -29 78 86 -14 72 88 10 2 66 19 -32 43 -19 77 -94 49 54 -72 46 35 2) 20
41
(82 67 86 54 -43 87 8 78 -33 34 63 -64 65 66 -38 63 26 87 61 35 -37 14 88 -66 82 -31 78 -9 50 51 -48 -87 95 -18 98 3
 -28 -57 50 -97 47 -10 -26 69 -54 -63 -91 -97 18 96 66 44 65 -31 -17 88 14) -30
42
(-5 -10 64 -15 12 24 0 90 -11 40 71 17 3 -10 40 -3 -66 22 -15 48 -44 -7 46 -33 -91 -15 -91 -75 -18 79 -47 79 73 -41 1
 71 81 -72 15 26 56 95 52 28 -21 -77 73 73 98 -64 46 4 59 39 -99 3 86) -50
43
(42 -3 14 -40 -30 9 37 98 -6 -87 25 -62 -45 62 1 -17 57 -64 92 6 -62 -70 19 58 -36 58 54 -11 62 3 -68 26 -60 5 94 94
 -18 66 50 0 -57 97 2 -42 16 -52 28 57 -36 -44 -77 78 91 26 82 5 82) 30
44
(-18 -66 4 15 -62 -85 -77 -24 21 -85 -65 91 -46 -68 33 21 96 73 14 22 59 62 31 -47 32 -50 -47 -74 66 23 36 89 57 -37 46
 11 80 -1 14 70 -100 70 52 -45 26 -52 -66 -58 8 -75 18 54 -47 -74 89 23 -21) -50
45
(80 39 42 -94 -46 -33 26 29 62 -13 15 -74 97 -26 29 44 86 12 4 -22 34 78 -89 15 39 58 -9 14 -93 -42 -96 38 -57 90 -80
 -22 67 -83 -67 32 -97 -3 14 -77 -31 74 -17 -77 -60 -63 -57 49 29 75 43 14 -89) -90
46
(-27 -93 -4 6 56 -94 -15 53 -24 -32 -79 49 -65 10 -29 78 -78 46 48 71 1 82 -70 -96 -95 -12 -39 -49 -13 41 -3 -60 68 -40
 -47 54 -11 78 -84 39 58 74 -64 -99 93 80 -59 -38 -45 -88 -66 -61 -68 -98 -40 2 -91) -10
47
(10 -88 -2 63 -24 -37 -9 -49 -81 -10 -51 -10 51 30 32 32 93 47 7 -89 96 -8 84 24 4 -22 -20 -54 5 38 -30 36 -45 71 -54
 94 -15 -38 -64 -35 64 -21 -71 -46 99 8 -18 98 -6 38 23 29 -46 2 -84 0 -6) 20
48
(63 -29 -75 13 44 -73 8 21 -83 -27 74 4 16 -17 16 -38 39 -21 43 28 58 -37 31 57 -4 -68 46 38 -60 -7 -28 -47 99 32 19
 -41 82 34 63 -96 -69 -19 -15 -96 -75 83 -74 70 35 50 -41 31 -68 -19 -24 -94 34) 10
49
(95 11 -53 13 61 -100 10 71 42 5 35 32 35 -62 -74 81 3 60 -74 -21 45 16 -12 87 -16 86 44 -42 84 61 28 -56 -48 84 42 95
 -82 0 29 75 67 19 -95 21 1 65 -35 -57 71 51 -82 8 -91 85 4 91 3) 10
50
(50 58 31 -38 -35 32 -74 87 -64 99 80 -51 32 65 -73 -31 -92 48 18 29 -53 -2 93 -40 -43 -8 5 -53 -33 -91 -65 36 57 66 72
 -3 26 -42 83 51 -40 -67 81 33 35 -80 2 61 -7 97 -1 15 -7 33 26 87 67) -60
51
(-77 -6 71 -20 -79 82 -29 -44 -76 16 62 90 -90 -8 -67 84 -86 -95 51 -86 -72 93 -2 -94 -52 -84 7 -69 -19 -89 -36 77 -47
 -98 24 93 61 5 95 3 -24 -15 -68 77 71 61 77 -12 -80 98 -4 36 -62 80 37 -25 96) -10
52
(-40 69 17 52 -68 -81 -5 48 19 -65 25 92 31 81 94 -19 -39 73 13 74 66 51 24 16 -70 65 43 -75 3 10 -97 -90 52 -80 50 -28
 -48 -32 -12 -24 63 43 -54 -11 -54 49 -12 -100 -71 -69 32 79 -98 -66 95 -15 10) -60
53
(5 -91 26 53 93 -84 -73 -72 25 87 37 -3 -10 97 -5 18 -66 22 95 -4 15 30 69 -39 11 39 30 11 -89 90 -35 -79 -90 11 -14
 -81 -82 -60 -48 59 56 -40 -47 -95 34 -6 47 30 14 -90 -61 -74 -78 84 8 8 24) -40
54
(-22 -98 -74 38 -71 -94 49 -11 -83 -70 -15 -4 7 68 87 -44 13 94 -76 28 71 -35 -15 -4 73 0 48 -53 94 -4 -57 84 -39 -32
 -78 19 11 -39 48 58 -6 -67 82 -24 71 25 74 47 -3 -11 -24 75 -97 -51 -100 88 9) -80
55
(88 49 18 -21 -86 -74 61 -21 36 38 29 34 57 -2 93 36 -47 36 2 18 64 28 -81 33 -98 83 -8 -21 -98 -81 9 -100 -95 -46 -9
 68 -94 61 -28 -87 -62 57 93 12 84 37 93 81 15 77 -30 -63 -55 15 -12 57 -40) 20
56
(-90 -53 -61 -95 65 -88 -46 4 19 1 -63 -44 11 80 19 57 76 51 17 24 -69 51 73 7 -10 71 12 27 17 16 5 -3 -87 -4 63 94 36
 -75 -35 -79 -28 42 -39 -1 -23 -5 -64 -46 30 -33 51 -19 -6 63 -42 -79 -2) -20
57
(-86 -14 72 -5 97 -100 -77 11 -77 38 69 -74 80 83 -33 -99 0 -66 -43 63 -53 -94 69 65 16 -80 37 31 9 -50 36 -17 -29 -52
 70 77 0 24 -94 -34 -65 33 54 31 -16 22 63 45 67 -26 75 45 -39 -81 42 43 -9) 30
58
(-95 22 -27 8 50 89 -41 9 34 -90 95 -51 55 -68 -96 -55 -24 -56 -71 -73 51 97 21 85 34 -60 18 -84 31 -56 -27 20 38 -14
 -46 37 -94 -64 63 61 -44 95 16 -49 -87 -65 18 -32 59 -92 -46 99 -83 -3 44 -36 33) -20
59
(62 72 30 28 -48 -42 -82 -58 94 8 -56 -91 -88 -10 -72 89 74 81 -72 56 36 11 -42 17 57 59 -100 -78 18 -68 89 -84 91 92
 77 -60 34 24 87 99 -91 -12 -80 -4 19 78 -33 66 -17 66 94 90 -45 -92 81 -53 81) 10
60
(36 20 -93 -62 19 -37 -5 17 -71 42 -64 -10 -63 69 51 5 -31 -73 -89 -73 85 -59 -97 -58 50 33 -64 67 69 50 -95 82 -20 97
 -32 -54 2 -84 -90 56 62 -12 -88 43 66 -87 -58 -73 -51 35 38 21 -93 -16 -72 -89 -13) -10
61
(91 81 -66 -42 -31 -61 -19 -4 44 -63 69 81 -62 -59 -30 42 85 28 74 74 98 78 27 -94 -3 -71 4 -46 41 -3 -87 19 -22 -73 82
 39 -27 -72 34 -60 53 -43 -46 -57 -42 55 13 -90 51 67 -85 99 -46 73 -63 45 76) 30
62
(63 -67 16 -56 77 -59 67 23 -88 -97 -25 -72 57 -24 92 67 -91 -96 45 -88 -83 -6 -47 -33 -58 22 -93 -25 8 8 73 73 33 17
 30 -43 -15 19 -46 -6 5 -81 55 24 86 -48 68 -9 57 -8 67 -81 31 64 -51 97 5) -20
63
(10 83 -38 -21 -55 76 -3 -18 -27 -52 -1 88 42 -71 58 -18 64 23 85 23 -38 -77 -87 97 9 97 -100 -59 89 -8 -96 31 -72 42
 -54 41 4 -81 -59 -80 36 74 47 68 76 72 -71 18 -5 -58 -15 91 38 74 -47 -84 -99) 30
64
(87 -81 -90 -77 67 -67 46 88 -22 65 44 -95 -54 76 77 76 47 -59 11 15 -97 93 2 -40 21 -30 -37 36 57 -26 -5 18 -44 -88 51
 -57 14 24 16 18 1 -59 82 -65 -43 -32 -74 6 -84 -32 -74 3 -58 39 -2 -26 -75) 0
65
(-39 71 19 -17 34 38 -55 -87 -98 -36 -84 -72 81 -43 -67 96 -25 -45 -33 -81 -6 91 -46 -71 -70 -11 58 92 -58 30 71 -37 46
 -65 -68 -35 -69 -51 18 -91 26 8 60 42 23 -73 -94 55 -10 17 -79 -39 2 11 40 6 -15) 0
66
(-33 42 -22 -77 97 73 -30 48 98 -17 -21 -71 47 52 -30 -84 17 5 4 -77 20 -23 -11 68 -46 85 75 16 -88 39 50 -91 -83 52 72
 -42 88 28 -16 -16 -55 -61 -15 78 45 -56 -98 -60 -59 -72 -34 -19 -91 2 -85 15 23) 0
67
(34 -83 27 64 -88 86 0 -9 -40 38 -9 51 -62 -50 -90 4 -63 -17 48 79 22 42 -63 93 69 47 13 -46 -4 -55 -56 -40 -15 -82 -60
 35 -29 -86 96 21 54 19 14 -86 25 12 10 11 -7 -68 -88 -11 -2 -26 13 48 51) -40
68
(-16 2 -45 8 -73 22 -100 74 -41 99 -13 95 -10 -90 94 -99 96 -62 -60 -86 49 60 13 59 -71 46 -50 7 1 -3 56 -37 81 -75 -57
 70 -84 -61 37 -52 48 40 38 6 -47 58 -100 -2 -59 -36 -14 5 63 11 -85 62 46) 30
69
(-87 -13 99 76 44 -21 -59 -14 46 -33 -34 -79 -91 57 25 -79 -70 93 -90 -36 28 85 65 73 -28 -84 25 -52 48 -91 60 74 98 20
 15 87 -31 73 -79 18 -3 -37 55 -42 5 64 39 65 -14 -40 -40 -49 -13 -7 85 22 1) -50
70
(-54 -32 -40 -21 -93 3 -90 89 -96 -18 2 83 68 -2 43 97 98 -6 -77 82 -4 -89 -23 16 -98 43 -71 96 -54 -85 34 -100 -93 -56
 -51 -53 92 -5 74 86 -15 -97 -91 -5 -94 77 43 43 -91 23 -65 -10 -53 96 -71 83 8) 40
71
(-64 -12 -85 62 -77 5 -75 25 81 33 -63 89 54 70 16 45 -55 15 40 -60 -66 58 -69 -27 6 -77 -57 -90 -4 -47 -35 14 7 94 -29
 -82 69 33 -20 49 37 -99 -51 -94 -86 -94 49 -19 -99 17 68 -70 -15 58 -15 87 -10) 0
72
(-89 -19 77 -71 80 44 32 -40 -16 -70 -14 -63 84 41 54 2 -95 -97 63 48 53 -41 -40 -38 -30 13 -44 -3 -63 92 -74 -40 -5
 -38 95 -64 -9 -95 -98 75 41 -10 -31 46 95 -93 -25 25 -27 -49 87 -80 16 -70 64 98 -68) 0
73
(60 -55 -53 72 37 0 -4 30 -92 38 -88 30 59 63 -41 51 55 -84 69 -54 19 19 74 -56 4 -93 -39 -93 -20 83 -45 21 40 -94 -93
 -74 -44 6 82 -55 61 96 -53 13 20 76 -83 60 -89 -93 -98 29 57 -53 -84 43 -17) 50
74
(35 -36 -3 99 26 -74 78 67 -73 29 -99 57 56 -23 44 74 -50 -9 51 -78 29 -99 4 -36 46 16 -25 -100 38 -31 54 96 95 33 39
 -72 4 91 -89 -53 72 96 35 75 -58 34 -57 -10 71 60 -47 29 -71 -65 -35 -89 28) 10
75
(-43 9 -34 14 79 64 -34 -42 96 -39 83 -85 25 -57 -55 60 -83 -71 -29 -49 29 33 -41 84 -68 7 15 25 26 -35 0 94 3 -77 -67
 9 70 74 26 -87 16 -69 -77 93 -47 7 -75 20 -52 -17 -79 -44 74 -45 -50 -19 -99) -10
76
(-43 -18 -99 87 37 -57 4 18 -68 97 64 8 -76 -12 48 -53 -76 25 -29 43 -65 -50 -24 -51 20 -75 -91 64 93 -69 -46 24 42 11
 93 -98 37 19 6 60 86 -36 34 -53 30 -52 51 -33 94 -99 -76 63 7 21 -25 7 89) -20
77
(22 -71 -8 15 -58 27 -27 15 -98 -56 -50 -19 61 -28 95 23 -44 41 0 -48 17 33 -44 -49 -17 50 -60 -17 74 43 20 -90 -11 81
 -86 72 -98 39 92 -36 79 -80 25 92 -83 53 4 32 66 -61 -89 65 -27 59 52 55 -42) -30
78
(-21 -37 -90 53 98 -54 99 -6 -99 54 26 36 63 -92 -95 -19 67 -3 -45 66 66 -29 -16 22 41 -25 74 -18 -31 85 -96 -13 55 -84
 -99 -51 -91 -55 15 -59 -19 -45 -46 -96 75 -26 53 -87 89 -69 90 -90 74 -20 0 23 59) -50
79
(10 35 -36 -13 8 24 -82 16 -41 -21 51 3 67 -29 77 -15 58 27 -70 74 -86 65 -45 -84 -94 89 -41 -25 14 -88 7 72 -66 -29
 -39 -96 77 -48 -41 -84 -36 66 23 85 -82 -9 -69 48 75 68 -95 -91 32 37 -61 34 91) -30
80
(23 -11 -81 26 -80 -20 17 3 28 35 -71 -61 32 70 -51 -70 -40 -39 75 91 -69 15 -37 38 44 -66 28 71 17 -16 -84 -66 -59 -14
 -85 -24 88 46 -34 -37 28 75 46 3 31 90 8 2 70 -40 13 -23 -25 -7 66 -94 28) -20
81
(-31 31 -88 -36 51 2 91 75 20 -93 95 -81 31 -57 -28 -13 -47 -25 -83 47 -84 -80 -45 84 14 67 18 10 -72 -68 0 -45 -70 -98
 11 87 -68 43 90 -95 -84 86 -47 -34 93 -93 79 19 76 91 41 38 -21 91 63 -31 -79) 60
82
(-84 60 85 22 11 -96 -85 64 88 -64 10 -6 -48 74 -98 66 -43 36 45 1 35 68 -70 30 -85 15 -92 41 -6 28 94 -47 -79 -80 -57
 80 45 -6 90 -68 38 54 29 71 65 28 27 62 16 48 52 83 55 -6 -79 69 -49) 100
83
(-50 -45 -100 -35 -53 75 -80 -62 -59 -30 17 -69 61 -31 -74 -24 -98 39 41 -90 32 40 -33 -89 -81 -94 -45 47 -37 56 -71
 -25 -57 -95 -75 68 76 -80 -20 71 37 -4 31 -92 -14 -73 -42 -3 64 -87 -79 -89 -34 4 14 33 -73) 0
84
(-96 -64 82 -51 -65 4 2 -46 -9 -76 -66 54 53 30 39 78 94 -52 -47 33 86 19 -34 4 -5 -66 -61 69 81 91 48 1 -18 19 9 24 29
 -20 25 -66 -91 64 52 58 -23 -75 -53 25 8 -83 66 -54 -4 -66 99 17 -35) 60
85
(-38 -61 -34 85 -11 49 29 -13 36 -28 -2 91 42 36 -84 -54 2 38 -16 -59 27 -93 14 41 69 -9 36 -22 95 -12 -80 46 83 55 -71
 -31 14 -73 -85 -55 58 51 -91 33 62 -69 44 -32 34 -36 88 -72 -26 -2 -68 -62 18) -80
86
(-24 88 31 86 -7 73 -57 -31 14 -75 -68 -84 33 -6 70 -2 93 -66 14 63 -91 -2 5 88 -91 -7 -4 -81 -10 -84 -53 -74 -36 -98
 45 -6 65 3 -32 -74 -39 -84 64 16 -10 -69 66 -32 -100 -95 -61 94 -61 81 65 4 -70) 0
87
(20 31 -66 97 46 20 39 76 -82 18 44 -91 80 81 -80 -96 76 59 -39 -89 -90 39 8 -26 45 -72 -61 45 79 -34 -19 -13 65 26 98
 -32 82 92 -59 -48 71 79 12 37 22 97 40 35 70 -82 -40 -61 58 99 -66 -37 84) 10
88
(-51 -50 -21 -58 90 -36 -32 24 -27 20 -78 7 44 42 -33 -38 27 -22 48 -42 73 14 -7 -79 48 77 -12 40 -33 -71 21 52 -22 71
 76 -66 -34 -32 -16 -31 87 -60 -23 38 -76 20 83 -1 -32 77 23 -81 -47 -86 44 54 10) 10
89
(-40 56 -56 -77 -70 66 -75 78 5 -71 89 -62 3 -36 67 17 26 -93 -97 4 28 -14 14 -84 -58 -78 -45 -55 83 -86 -11 -99 33 -8
 18 95 -87 -29 9 -6 97 18 93 -83 51 92 -57 -77 85 -56 90 -77 -7 45 -74 96 45) -10
90
(-15 8 -96 18 -61 -82 -98 31 -36 -74 42 -59 -25 94 -98 -61 -73 43 -55 1 -64 -4 93 -82 -46 14 27 -43 51 56 12 26 92 71 7
 -65 41 17 -48 3 67 -69 -83 63 24 69 -71 -62 87 51 52 -75 31 60 -25 29 -25) -20
91
(-44 -95 -2 13 -100 71 -84 34 39 6 -14 2 5 57 61 78 -38 -48 87 60 -74 -11 47 -84 -36 -74 -34 90 37 -40 18 8 28 48 -83
 35 58 82 -100 68 -87 -43 -86 -97 59 98 -76 69 35 34 69 -100 -88 -16 50 51 -17) -20
92
(-23 -75 -87 -72 65 -28 -75 -10 -1 57 -43 81 37 -38 -70 6 43 72 -8 -61 43 2 16 45 -91 17 -33 -92 74 19 39 52 75 58 83
 93 26 -83 -26 41 77 76 11 -86 -16 85 35 -5 -15 -68 4 45 -52 85 94 -62 23) 10
93
(-62 47 -6 -19 17 -34 -69 -91 -19 -38 35 42 66 82 14 -85 28 -76 -35 66 31 -15 27 31 13 -36 96 60 -2 -47 64 49 -79 -30
 -46 -97 -26 58 67 39 -11 60 51 -22 6 -86 77 8 -6 -71 -46 -20 22 -94 20 13 5) 20
94
(96 -91 -4 84 -25 -33 -46 62 -63 12 -95 -72 56 -18 56 60 42 -99 98 88 -42 -26 62 -35 -78 -96 22 -29 -98 -81 98 42 56 52
 4 96 -16 -63 99 -56 -4 87 43 15 11 66 33 -96 75 -39 -22 95 -66 40 3 47 -74) 50
95
(40 24 37 -57 -52 -25 -43 36 -4 -20 -30 -90 68 36 -87 74 -20 -84 -11 -39 15 90 9 81 -42 -31 -84 1 -51 -32 14 -25 -54 49
 -42 19 -21 -60 85 -61 -9 -53 74 -65 -95 -67 31 -52 -61 -58 24 20 -17 -53 -47 82 85) 0
96
(-47 86 0 90 -35 11 -29 -58 42 -28 51 -13 -56 -36 -50 19 -86 72 -92 96 86 -94 -62 -29 -9 -23 -63 88 -84 22 -89 -58 87
 -17 -5 -70 97 -43 -46 43 3 -8 -25 85 77 72 -43 1 89 51 -59 25 22 -100 20 53 72) -50
97
(-80 75 51 -100 -95 -81 49 14 -51 73 -52 5 -18 -50 90 52 -55 62 -63 -79 82 -1 -72 23 76 33 51 -58 -93 57 -71 -64 -100 8
 88 -44 2 -84 38 77 -55 60 -1 -71 -92 29 -53 12 -63 -46 -17 -51 -7 61 65 94 -5) -10
98
(-39 -17 78 16 -30 23 80 -17 -14 -26 36 88 60 -36 -93 -45 58 -84 85 -88 -56 38 28 38 -23 -66 -8 -66 -9 36 -84 96 -43 5
 22 3 -33 -81 32 -9 62 -42 3 60 -72 28 -95 58 36 -22 16 -95 -73 82 -28 89 67) -40
99
(15 92 -86 -3 -31 74 66 -91 12 61 35 88 0 -88 -92 -57 80 98 -58 -81 37 63 87 57 -85 -5 -95 -78 32 92 41 74 10 -57 -94
 -74 -72 -25 -38 56 -58 4 74 -92 -85 24 64 19 20 -87 38 -61 73 84 98 -46 77) 20
100
(14 94 -72 -80 -61 -88 -4 7 66 97 44 -96 29 -88 -25 -87 -21 -50 -75 72 55 1 60 66 48 -93 34 -50 25 83 7 -87 9 33 74 2
 66 60 98 37 20 5 -91 -6 42 -85 18 -19 -63 47 56 -58 -82 -72 -96 -63 -9) 50

Average fitness = -2.4

Sampling ...

the sample of individuals ...
68
(-16 2 -45 8 -73 22 -100 74 -41 99 -13 95 -10 -90 94 -99 96 -62 -60 -86 49 60 13 59 -71 46 -50 7 1 -3 56 -37 81 -75 -57
 70 -84 -61 37 -52 48 40 38 6 -47 58 -100 -2 -59 -36 -14 5 63 11 -85 62 46) 30
50
(50 58 31 -38 -35 32 -74 87 -64 99 80 -51 32 65 -73 -31 -92 48 18 29 -53 -2 93 -40 -43 -8 5 -53 -33 -91 -65 36 57 66 72
 -3 26 -42 83 51 -40 -67 81 33 35 -80 2 61 -7 97 -1 15 -7 33 26 87 67) -60
69
(-87 -13 99 76 44 -21 -59 -14 46 -33 -34 -79 -91 57 25 -79 -70 93 -90 -36 28 85 65 73 -28 -84 25 -52 48 -91 60 74 98 20
 15 87 -31 73 -79 18 -3 -37 55 -42 5 64 39 65 -14 -40 -40 -49 -13 -7 85 22 1) -50
87
(20 31 -66 97 46 20 39 76 -82 18 44 -91 80 81 -80 -96 76 59 -39 -89 -90 39 8 -26 45 -72 -61 45 79 -34 -19 -13 65 26 98
 -32 82 92 -59 -48 71 79 12 37 22 97 40 35 70 -82 -40 -61 58 99 -66 -37 84) 10
66
(-33 42 -22 -77 97 73 -30 48 98 -17 -21 -71 47 52 -30 -84 17 5 4 -77 20 -23 -11 68 -46 85 75 16 -88 39 50 -91 -83 52 72
 -42 88 28 -16 -16 -55 -61 -15 78 45 -56 -98 -60 -59 -72 -34 -19 -91 2 -85 15 23) 0
82
(-84 60 85 22 11 -96 -85 64 88 -64 10 -6 -48 74 -98 66 -43 36 45 1 35 68 -70 30 -85 15 -92 41 -6 28 94 -47 -79 -80 -57
 80 45 -6 90 -68 38 54 29 71 65 28 27 62 16 48 52 83 55 -6 -79 69 -49) 100
81
(-31 31 -88 -36 51 2 91 75 20 -93 95 -81 31 -57 -28 -13 -47 -25 -83 47 -84 -80 -45 84 14 67 18 10 -72 -68 0 -45 -70 -98
 11 87 -68 43 90 -95 -84 86 -47 -34 93 -93 79 19 76 91 41 38 -21 91 63 -31 -79) 60
23
(-15 -33 17 -43 37 92 -99 -86 40 77 -16 6 -80 16 67 -33 68 17 -19 61 96 30 -17 29 -4 74 -25 81 -53 -60 -97 12 38 -18 14
 -48 -31 -63 4 -54 2 54 64 10 -97 77 -93 -34 -41 -24 76 46 -43 14 -91 79 -45) 40
80
(23 -11 -81 26 -80 -20 17 3 28 35 -71 -61 32 70 -51 -70 -40 -39 75 91 -69 15 -37 38 44 -66 28 71 17 -16 -84 -66 -59 -14
 -85 -24 88 46 -34 -37 28 75 46 3 31 90 8 2 70 -40 13 -23 -25 -7 66 -94 28) -20
51
(-77 -6 71 -20 -79 82 -29 -44 -76 16 62 90 -90 -8 -67 84 -86 -95 51 -86 -72 93 -2 -94 -52 -84 7 -69 -19 -89 -36 77 -47
 -98 24 93 61 5 95 3 -24 -15 -68 77 71 61 77 -12 -80 98 -4 36 -62 80 37 -25 96) -10
69
(-87 -13 99 76 44 -21 -59 -14 46 -33 -34 -79 -91 57 25 -79 -70 93 -90 -36 28 85 65 73 -28 -84 25 -52 48 -91 60 74 98 20
 15 87 -31 73 -79 18 -3 -37 55 -42 5 64 39 65 -14 -40 -40 -49 -13 -7 85 22 1) -50
66
(-33 42 -22 -77 97 73 -30 48 98 -17 -21 -71 47 52 -30 -84 17 5 4 -77 20 -23 -11 68 -46 85 75 16 -88 39 50 -91 -83 52 72
 -42 88 28 -16 -16 -55 -61 -15 78 45 -56 -98 -60 -59 -72 -34 -19 -91 2 -85 15 23) 0
87
(20 31 -66 97 46 20 39 76 -82 18 44 -91 80 81 -80 -96 76 59 -39 -89 -90 39 8 -26 45 -72 -61 45 79 -34 -19 -13 65 26 98
 -32 82 92 -59 -48 71 79 12 37 22 97 40 35 70 -82 -40 -61 58 99 -66 -37 84) 10
38
(-40 44 -71 -8 59 -26 -34 46 91 -54 -7 -48 -77 -85 97 80 -82 -15 -85 -45 -27 41 4 37 -66 -87 15 -63 1 14 60 -13 -76 -23
 -4 -39 -82 35 72 -85 78 47 -47 0 91 -26 8 -70 -5 -94 93 -9 -25 79 -22 65 -5) 0
97
(-80 75 51 -100 -95 -81 49 14 -51 73 -52 5 -18 -50 90 52 -55 62 -63 -79 82 -1 -72 23 76 33 51 -58 -93 57 -71 -64 -100 8
 88 -44 2 -84 38 77 -55 60 -1 -71 -92 29 -53 12 -63 -46 -17 -51 -7 61 65 94 -5) -10
16
(-61 -53 -77 54 20 -12 94 28 66 -80 -22 58 99 90 11 16 -86 78 -23 -45 5 96 51 -78 65 28 -49 42 42 44 -59 -87 69 -80 91
 -75 -32 -33 72 -44 7 73 -5 26 47 -58 27 -95 4 -74 -16 74 13 -30 -66 -65 29) -30

the most fit of the sample ...
82
(-84 60 85 22 11 -96 -85 64 88 -64 10 -6 -48 74 -98 66 -43 36 45 1 35 68 -70 30 -85 15 -92 41 -6 28 94 -47 -79 -80 -57
 80 45 -6 90 -68 38 54 29 71 65 28 27 62 16 48 52 83 55 -6 -79 69 -49) 100


Sampling ...

the sample of individuals ...
46
(-27 -93 -4 6 56 -94 -15 53 -24 -32 -79 49 -65 10 -29 78 -78 46 48 71 1 82 -70 -96 -95 -12 -39 -49 -13 41 -3 -60 68 -40
 -47 54 -11 78 -84 39 58 74 -64 -99 93 80 -59 -38 -45 -88 -66 -61 -68 -98 -40 2 -91) -10
23
(-15 -33 17 -43 37 92 -99 -86 40 77 -16 6 -80 16 67 -33 68 17 -19 61 96 30 -17 29 -4 74 -25 81 -53 -60 -97 12 38 -18 14
 -48 -31 -63 4 -54 2 54 64 10 -97 77 -93 -34 -41 -24 76 46 -43 14 -91 79 -45) 40
72
(-89 -19 77 -71 80 44 32 -40 -16 -70 -14 -63 84 41 54 2 -95 -97 63 48 53 -41 -40 -38 -30 13 -44 -3 -63 92 -74 -40 -5
 -38 95 -64 -9 -95 -98 75 41 -10 -31 46 95 -93 -25 25 -27 -49 87 -80 16 -70 64 98 -68) 0
66
(-33 42 -22 -77 97 73 -30 48 98 -17 -21 -71 47 52 -30 -84 17 5 4 -77 20 -23 -11 68 -46 85 75 16 -88 39 50 -91 -83 52 72
 -42 88 28 -16 -16 -55 -61 -15 78 45 -56 -98 -60 -59 -72 -34 -19 -91 2 -85 15 23) 0
22
(4 2 25 -96 -47 56 -74 -45 52 5 49 30 -18 -44 3 52 -100 -4 62 -22 -80 2 89 34 29 -83 63 90 -91 26 63 51 -67 16 35 29 53
 -36 35 32 3 76 17 -5 79 -99 -83 78 63 -1 -64 26 98 70 -85 -26 31) 60
59
(62 72 30 28 -48 -42 -82 -58 94 8 -56 -91 -88 -10 -72 89 74 81 -72 56 36 11 -42 17 57 59 -100 -78 18 -68 89 -84 91 92
 77 -60 34 24 87 99 -91 -12 -80 -4 19 78 -33 66 -17 66 94 90 -45 -92 81 -53 81) 10
97
(-80 75 51 -100 -95 -81 49 14 -51 73 -52 5 -18 -50 90 52 -55 62 -63 -79 82 -1 -72 23 76 33 51 -58 -93 57 -71 -64 -100 8
 88 -44 2 -84 38 77 -55 60 -1 -71 -92 29 -53 12 -63 -46 -17 -51 -7 61 65 94 -5) -10
84
(-96 -64 82 -51 -65 4 2 -46 -9 -76 -66 54 53 30 39 78 94 -52 -47 33 86 19 -34 4 -5 -66 -61 69 81 91 48 1 -18 19 9 24 29
 -20 25 -66 -91 64 52 58 -23 -75 -53 25 8 -83 66 -54 -4 -66 99 17 -35) 60
25
(-27 60 -75 39 18 87 86 -83 26 98 71 5 23 66 41 -37 47 88 -40 6 84 -63 -78 89 -5 85 -51 -94 80 -78 -88 37 94 32 7 -33
 57 -92 66 21 -90 32 92 -67 16 63 -42 90 -13 -29 67 -70 -78 64 75 1 11) 10
69
(-87 -13 99 76 44 -21 -59 -14 46 -33 -34 -79 -91 57 25 -79 -70 93 -90 -36 28 85 65 73 -28 -84 25 -52 48 -91 60 74 98 20
 15 87 -31 73 -79 18 -3 -37 55 -42 5 64 39 65 -14 -40 -40 -49 -13 -7 85 22 1) -50
30
(-3 -44 48 -50 -45 24 87 90 -9 9 -32 -7 -54 1 -12 28 1 -72 20 -31 -100 91 -71 42 10 -31 -52 21 82 31 20 51 -31 3 -43
 -30 57 90 -3 93 46 28 39 34 1 -83 -78 33 63 12 57 81 48 62 74 12 -5) -10
89
(-40 56 -56 -77 -70 66 -75 78 5 -71 89 -62 3 -36 67 17 26 -93 -97 4 28 -14 14 -84 -58 -78 -45 -55 83 -86 -11 -99 33 -8
 18 95 -87 -29 9 -6 97 18 93 -83 51 92 -57 -77 85 -56 90 -77 -7 45 -74 96 45) -10
52
(-40 69 17 52 -68 -81 -5 48 19 -65 25 92 31 81 94 -19 -39 73 13 74 66 51 24 16 -70 65 43 -75 3 10 -97 -90 52 -80 50 -28
 -48 -32 -12 -24 63 43 -54 -11 -54 49 -12 -100 -71 -69 32 79 -98 -66 95 -15 10) -60
75
(-43 9 -34 14 79 64 -34 -42 96 -39 83 -85 25 -57 -55 60 -83 -71 -29 -49 29 33 -41 84 -68 7 15 25 26 -35 0 94 3 -77 -67
 9 70 74 26 -87 16 -69 -77 93 -47 7 -75 20 -52 -17 -79 -44 74 -45 -50 -19 -99) -10
74
(35 -36 -3 99 26 -74 78 67 -73 29 -99 57 56 -23 44 74 -50 -9 51 -78 29 -99 4 -36 46 16 -25 -100 38 -31 54 96 95 33 39
 -72 4 91 -89 -53 72 96 35 75 -58 34 -57 -10 71 60 -47 29 -71 -65 -35 -89 28) 10
4
(88 7 -17 34 25 9 -4 -54 -98 -12 48 23 11 -7 -52 -41 22 -89 -93 40 18 -66 95 -9 -26 -81 -2 27 -75 -32 -65 41 61 75 32
 -32 -86 -91 41 77 3 -70 -64 -2 2 -67 5 -32 79 -78 -90 -5 43 -10 50 -53 71) -40

the most fit of the sample ...
22
(4 2 25 -96 -47 56 -74 -45 52 5 49 30 -18 -44 3 52 -100 -4 62 -22 -80 2 89 34 29 -83 63 90 -91 26 63 51 -67 16 35 29 53
 -36 35 32 3 76 17 -5 79 -99 -83 78 63 -1 -64 26 98 70 -85 -26 31) 60


Sampling ...

the sample of individuals ...
30
(-3 -44 48 -50 -45 24 87 90 -9 9 -32 -7 -54 1 -12 28 1 -72 20 -31 -100 91 -71 42 10 -31 -52 21 82 31 20 51 -31 3 -43
 -30 57 90 -3 93 46 28 39 34 1 -83 -78 33 63 12 57 81 48 62 74 12 -5) -10
84
(-96 -64 82 -51 -65 4 2 -46 -9 -76 -66 54 53 30 39 78 94 -52 -47 33 86 19 -34 4 -5 -66 -61 69 81 91 48 1 -18 19 9 24 29
 -20 25 -66 -91 64 52 58 -23 -75 -53 25 8 -83 66 -54 -4 -66 99 17 -35) 60
90
(-15 8 -96 18 -61 -82 -98 31 -36 -74 42 -59 -25 94 -98 -61 -73 43 -55 1 -64 -4 93 -82 -46 14 27 -43 51 56 12 26 92 71 7
 -65 41 17 -48 3 67 -69 -83 63 24 69 -71 -62 87 51 52 -75 31 60 -25 29 -25) -20
18
(-40 86 52 -97 48 -2 -35 -17 96 -68 41 24 -10 46 -5 -55 75 -6 51 -13 -14 62 -53 77 -34 39 -14 23 -69 -92 26 -40 -31 74
 44 -13 -18 8 97 60 -37 -69 -80 -51 -52 33 13 5 -14 -57 -82 62 43 53 -18 -92 63) 10
85
(-38 -61 -34 85 -11 49 29 -13 36 -28 -2 91 42 36 -84 -54 2 38 -16 -59 27 -93 14 41 69 -9 36 -22 95 -12 -80 46 83 55 -71
 -31 14 -73 -85 -55 58 51 -91 33 62 -69 44 -32 34 -36 88 -72 -26 -2 -68 -62 18) -80
15
(17 -55 9 -77 61 50 -62 13 13 92 -88 0 90 -91 69 87 54 87 -66 -60 -28 -30 -49 43 68 56 -53 -98 -6 88 -18 33 45 -18 -35
 -12 -13 -73 -61 -10 18 -57 60 39 78 29 67 19 47 -76 -2 -68 -54 -30 -73 38 -18) -70
30
(-3 -44 48 -50 -45 24 87 90 -9 9 -32 -7 -54 1 -12 28 1 -72 20 -31 -100 91 -71 42 10 -31 -52 21 82 31 20 51 -31 3 -43
 -30 57 90 -3 93 46 28 39 34 1 -83 -78 33 63 12 57 81 48 62 74 12 -5) -10
17
(23 95 -69 42 -88 47 87 -48 -30 -89 -35 28 56 -51 21 59 -65 97 -27 -85 49 15 -37 -89 4 10 75 -43 26 61 -66 89 -24 82 -1
 90 -31 -59 30 98 -53 -97 -42 -64 71 6 -71 -57 51 -31 -47 -82 1 71 -65 -39 23) -30
43
(42 -3 14 -40 -30 9 37 98 -6 -87 25 -62 -45 62 1 -17 57 -64 92 6 -62 -70 19 58 -36 58 54 -11 62 3 -68 26 -60 5 94 94
 -18 66 50 0 -57 97 2 -42 16 -52 28 57 -36 -44 -77 78 91 26 82 5 82) 30
83
(-50 -45 -100 -35 -53 75 -80 -62 -59 -30 17 -69 61 -31 -74 -24 -98 39 41 -90 32 40 -33 -89 -81 -94 -45 47 -37 56 -71
 -25 -57 -95 -75 68 76 -80 -20 71 37 -4 31 -92 -14 -73 -42 -3 64 -87 -79 -89 -34 4 14 33 -73) 0
30
(-3 -44 48 -50 -45 24 87 90 -9 9 -32 -7 -54 1 -12 28 1 -72 20 -31 -100 91 -71 42 10 -31 -52 21 82 31 20 51 -31 3 -43
 -30 57 90 -3 93 46 28 39 34 1 -83 -78 33 63 12 57 81 48 62 74 12 -5) -10
2
(-78 58 -42 -65 38 -76 88 -7 98 0 78 -87 -75 -74 19 -43 22 -95 22 -73 -13 -47 33 53 93 11 68 96 -48 69 50 -66 77 -83
 -88 -30 49 -71 -37 -6 38 69 56 -18 23 43 36 53 -65 -36 -28 -63 -31 -86 -36 0 14) 50
92
(-23 -75 -87 -72 65 -28 -75 -10 -1 57 -43 81 37 -38 -70 6 43 72 -8 -61 43 2 16 45 -91 17 -33 -92 74 19 39 52 75 58 83
 93 26 -83 -26 41 77 76 11 -86 -16 85 35 -5 -15 -68 4 45 -52 85 94 -62 23) 10
7
(-53 71 -48 1 -88 -70 22 70 50 -72 -26 -94 52 -15 -99 -93 -97 57 -18 -54 -17 -3 83 68 -46 32 -92 -47 86 98 -15 -1 2 -82
 -71 46 10 -38 -83 -61 30 48 91 31 -23 -87 5 56 -100 79 -79 -27 -6 -31 -22 19 99) 0
96
(-47 86 0 90 -35 11 -29 -58 42 -28 51 -13 -56 -36 -50 19 -86 72 -92 96 86 -94 -62 -29 -9 -23 -63 88 -84 22 -89 -58 87
 -17 -5 -70 97 -43 -46 43 3 -8 -25 85 77 72 -43 1 89 51 -59 25 22 -100 20 53 72) -50
77
(22 -71 -8 15 -58 27 -27 15 -98 -56 -50 -19 61 -28 95 23 -44 41 0 -48 17 33 -44 -49 -17 50 -60 -17 74 43 20 -90 -11 81
 -86 72 -98 39 92 -36 79 -80 25 92 -83 53 4 32 66 -61 -89 65 -27 59 52 55 -42) -30

the most fit of the sample ...
84
(-96 -64 82 -51 -65 4 2 -46 -9 -76 -66 54 53 30 39 78 94 -52 -47 33 86 19 -34 4 -5 -66 -61 69 81 91 48 1 -18 19 9 24 29
 -20 25 -66 -91 64 52 58 -23 -75 -53 25 8 -83 66 -54 -4 -66 99 17 -35) 60


NIL