[52]> ( perform-crossovers-demo )
-------------------------------------------------------------------------




Generation 1 population ...




-------------------------------------------------------------------------
the sample of individuals ...
7
(20 -8 -45 47 4 3 -45 95 32 -43 7 -21 63 -2 -61 -32 -62 -13 -26 10 70 -100 -83 -96 -73 -25 55 93 -95 -11 80 31 -57 58
 -64 -95 63 8 -29 -93 -87 50 -7 15 -11 59 62 -12 4 7 72 -59 12 -66 -50 96 31) 30
96
(-30 73 75 -60 98 -67 57 -45 -25 -73 -17 14 55 -7 -42 6 -6 -3 -66 -78 -66 -2 -24 -77 -46 67 -82 -48 -90 57 47 49 14 88
 -35 38 -83 -5 49 -49 78 -78 84 -77 67 -71 -98 20 -32 73 -79 7 79 -28 -4 -17 -61) 0
5
(-37 -9 -31 96 -1 -89 -95 -63 59 -17 -79 -95 6 -86 -90 -34 68 86 -85 48 -43 63 -66 45 -42 18 -56 -36 -19 92 7 -43 14 75
 93 85 -54 10 -40 -60 93 -64 -22 49 -82 87 -88 -70 41 -49 62 47 14 -22 95 -18 -72) -10
31
(73 28 -40 -68 -73 48 55 -96 86 10 44 34 12 -22 73 89 4 -27 55 -15 91 21 33 31 59 -19 49 -56 74 63 -96 -87 82 24 -72
 -51 -71 17 -52 77 -96 -3 4 57 70 -41 -76 -86 76 84 -84 -30 -87 3 -1 -56 -75) -60
70
(-97 56 -67 81 -81 7 91 93 -87 -14 60 -31 32 48 50 40 -6 57 -46 -45 -85 -21 -4 -52 18 82 5 53 -39 18 23 -23 7 -3 55 -57
 56 17 -84 -12 -23 -47 92 31 -58 41 24 -67 -58 5 -43 -91 36 9 43 68 6) -20
82
(-18 -54 69 -97 99 -46 85 81 18 -98 82 -18 -71 -7 -62 -19 -76 -7 -82 -71 57 -18 -87 52 -5 -16 70 -80 58 -80 96 78 -9
 -67 82 49 -63 54 -33 -87 21 20 -48 -30 -56 -33 3 -91 53 -90 -40 -52 84 -54 -35 64 -50) 80
38
(-59 27 18 -10 -94 -96 57 -6 3 43 93 -51 49 73 -41 14 -69 92 -93 2 -18 -15 -21 79 71 27 -4 11 -7 7 61 36 -69 88 -35 64
 65 11 12 -68 -23 34 -33 -56 -59 -85 -65 -89 -99 0 -56 9 20 -66 -100 -54 24) -10
90
(-36 67 64 -17 -20 -23 -94 81 -31 6 -71 4 -37 -5 50 -33 -12 -82 -66 -11 98 -23 2 94 74 74 23 -81 -7 67 -7 -48 -61 -30
 26 35 -89 56 -81 10 47 52 -16 71 58 15 26 -37 43 -33 38 -62 -87 71 -63 20 -89) 50
65
(-68 -46 -58 -55 -22 -56 -29 84 56 61 75 -20 75 62 32 -89 -14 55 16 -51 9 -82 37 -28 24 -9 -61 -35 -21 48 55 75 -54 44
 68 -47 17 42 -50 26 -25 -35 -47 64 40 -36 -72 -96 45 -23 98 75 -79 -60 -90 -51 12) -20
15
(42 -5 15 -72 89 -21 -51 46 -33 57 -52 -29 -71 6 81 -3 57 -1 91 96 -28 -28 -90 11 -43 67 82 40 89 84 -29 -58 -93 76 -79
 -55 -56 -3 32 -26 18 2 71 -39 -25 -19 -70 49 73 83 74 -95 -90 -20 74 39 79) -20
7
(20 -8 -45 47 4 3 -45 95 32 -43 7 -21 63 -2 -61 -32 -62 -13 -26 10 70 -100 -83 -96 -73 -25 55 93 -95 -11 80 31 -57 58
 -64 -95 63 8 -29 -93 -87 50 -7 15 -11 59 62 -12 4 7 72 -59 12 -66 -50 96 31) 30
21
(-61 97 -54 -51 61 14 -57 -15 -71 19 -73 67 96 -13 -24 75 46 83 52 -82 98 71 1 -75 65 69 9 44 -70 -14 98 -3 41 -78 13
 -43 22 -5 -71 51 77 -63 -81 -2 6 81 -2 30 44 -48 86 48 -40 59 87 -19 -3) 10
7
(20 -8 -45 47 4 3 -45 95 32 -43 7 -21 63 -2 -61 -32 -62 -13 -26 10 70 -100 -83 -96 -73 -25 55 93 -95 -11 80 31 -57 58
 -64 -95 63 8 -29 -93 -87 50 -7 15 -11 59 62 -12 4 7 72 -59 12 -66 -50 96 31) 30
69
(22 1 7 15 34 -69 37 81 52 58 18 71 43 -62 18 33 75 -86 80 -43 60 -36 10 19 74 87 -7 24 13 -65 75 5 81 -23 66 -9 85 -87
 -12 64 -83 -18 -46 50 98 -93 68 48 15 78 74 -17 -68 35 -29 -25 -67) 10
73
(58 -36 1 -10 -54 -70 78 -66 -47 18 94 -84 -21 58 30 13 -98 13 -94 -7 -17 18 -76 85 46 93 75 18 -26 52 79 -35 33 1 0 38
 -32 -19 -2 -20 13 17 64 -26 -13 -100 -88 50 10 90 59 -65 6 -55 84 92 22) -50
45
(-81 34 97 -30 56 50 69 10 -35 37 -63 -18 95 -20 92 -33 96 -39 32 75 57 60 33 97 21 61 -61 40 21 87 83 39 -91 -23 -30
 92 -28 -19 -1 -64 -10 -45 -36 -81 19 -34 -42 -46 -25 -77 -32 -49 41 -9 -98 -27 -89) 80

the most fit of the sample ...
82
(-18 -54 69 -97 99 -46 85 81 18 -98 82 -18 -71 -7 -62 -19 -76 -7 -82 -71 57 -18 -87 52 -5 -16 70 -80 58 -80 96 78 -9
 -67 82 49 -63 54 -33 -87 21 20 -48 -30 -56 -33 3 -91 53 -90 -40 -52 84 -54 -35 64 -50) 80

the sample of individuals ...
86
(11 -13 -48 -46 -95 16 -31 88 -71 -92 94 8 -75 -10 -81 -32 -20 88 82 -66 -14 -98 -26 47 84 44 -7 -5 94 94 -76 53 -17 0
 76 -27 90 -18 -23 8 77 67 -31 68 60 -4 52 15 -99 28 56 39 -93 39 -20 -55 -11) 30
12
(46 -68 45 -13 -45 -94 -37 84 32 -86 97 -40 59 -58 72 -66 -93 72 -31 -9 -26 -47 77 -40 -18 -44 -28 21 86 -54 -63 74 -49
 -75 -5 -70 31 79 -21 82 22 -78 -30 -51 42 -64 -70 96 26 98 -46 29 68 3 -83 74 26) -10
46
(0 -76 99 63 80 -65 -88 93 -40 81 -94 82 73 -81 -70 -72 -86 36 4 81 -57 78 -39 40 -34 -27 71 -4 -22 65 37 82 42 -100 58
 90 -95 -78 77 -33 46 53 36 -95 -13 -91 8 -44 -24 2 77 97 -56 91 -68 -22 8) -30
35
(42 -94 -42 -90 -86 -63 4 -14 19 71 20 -21 15 97 -10 70 58 0 -18 -87 0 25 27 -17 94 61 -54 -42 93 41 -22 2 12 -75 -33
 58 37 95 41 71 -74 87 -60 59 31 -62 16 -18 -56 -87 -96 64 -54 -71 -35 -28 19) 20
83
(-55 -55 53 -60 -99 -13 58 15 -67 -30 28 40 -55 52 2 -56 72 90 48 -26 -37 16 -26 22 1 71 80 54 75 52 -10 -71 -64 -47
 -68 -66 8 81 -31 -56 19 86 -79 -58 89 85 85 90 57 -65 -16 -28 5 -40 -78 -34 -22) 20
41
(-93 92 -36 22 -91 27 58 -37 70 -69 -3 7 -14 77 -48 -50 -7 -60 -31 26 96 -74 9 47 28 6 -98 -19 52 -13 18 -29 6 -80 -77
 -31 -17 11 -61 -61 22 16 -97 75 86 22 83 69 -31 -41 50 -13 -86 -54 -32 0 1) 50
16
(-26 82 -2 66 -87 -18 54 18 -6 45 49 -19 58 -83 62 -53 94 11 96 75 -73 61 -67 79 58 -37 -71 -59 63 -16 75 70 -36 43 -27
 -95 9 18 -18 -81 27 51 1 15 -13 -93 78 -79 -82 33 -50 -51 -27 26 57 83 -91) 60
78
(71 80 -78 55 -24 -54 -100 44 -81 34 49 95 -65 -74 -29 -62 -34 -8 -98 23 55 -83 -92 49 66 -57 -79 63 -95 4 37 94 -61 7
 -41 -98 19 28 -41 -54 -73 15 -39 -94 -13 36 71 50 -58 -43 69 83 -30 -22 44 -25 -58) 10
54
(-37 -91 9 48 -6 -99 72 -55 36 77 -93 -82 76 -37 -4 -38 -81 98 -1 79 42 47 -99 39 -93 -20 -52 -38 44 87 -86 -66 46 -6
 -89 -40 58 99 34 37 7 -53 25 14 41 -55 67 -99 62 -98 -97 3 73 24 54 84 -54) 0
23
(-92 71 -15 34 19 48 44 -55 -39 -10 -98 -5 -26 43 -45 46 -70 51 59 -19 -45 96 -37 0 4 13 -71 49 -6 13 57 95 -25 36 -84
 -35 -79 11 -26 -39 -62 -26 38 -32 48 -81 -89 -2 -20 -6 -37 -24 -67 25 85 -99 -44) 0
25
(25 -34 -63 22 -56 -75 -11 6 -45 -97 -54 -42 -34 20 -52 98 -40 -67 48 -94 -50 10 -81 44 -65 -50 9 -95 95 15 -66 29 86
 -88 -36 -38 -72 -15 54 36 -75 -4 -87 91 -72 16 -33 -18 82 95 -26 36 -33 -94 95 91 70) -10
73
(58 -36 1 -10 -54 -70 78 -66 -47 18 94 -84 -21 58 30 13 -98 13 -94 -7 -17 18 -76 85 46 93 75 18 -26 52 79 -35 33 1 0 38
 -32 -19 -2 -20 13 17 64 -26 -13 -100 -88 50 10 90 59 -65 6 -55 84 92 22) -50
100
(19 -56 13 -46 58 17 67 6 -65 93 57 -24 -42 99 -53 -34 96 46 -17 -53 -38 16 80 28 -98 -69 -91 -77 -80 -56 33 -90 80 18
 -69 -25 44 41 78 -28 44 65 -8 -98 -34 -45 -4 43 3 81 73 94 -10 -4 -61 -99 98) 40
59
(-66 28 38 -12 -70 -32 30 52 29 -21 25 29 -81 -39 -73 51 62 -36 -51 -92 61 -64 8 -53 -31 -18 71 79 -28 50 -88 -78 -44
 -65 -56 -91 99 48 53 -55 55 71 37 -10 -63 24 15 22 8 -43 -97 80 21 -94 93 40 -74) 70
63
(-63 71 8 -45 -4 6 52 76 -40 1 -11 -85 34 -87 -43 6 84 -92 -91 8 61 34 -64 -7 85 -65 15 42 -12 -51 -10 -13 66 74 -44 54
 63 -68 85 -29 -30 -78 73 20 84 37 12 9 52 16 85 -28 -86 78 -62 -93 71) -40
16
(-26 82 -2 66 -87 -18 54 18 -6 45 49 -19 58 -83 62 -53 94 11 96 75 -73 61 -67 79 58 -37 -71 -59 63 -16 75 70 -36 43 -27
 -95 9 18 -18 -81 27 51 1 15 -13 -93 78 -79 -82 33 -50 -51 -27 26 57 83 -91) 60

the most fit of the sample ...
59
(-66 28 38 -12 -70 -32 30 52 29 -21 25 29 -81 -39 -73 51 62 -36 -51 -92 61 -64 8 -53 -31 -18 71 79 -28 50 -88 -78 -44
 -65 -56 -91 99 48 53 -55 55 71 37 -10 -63 24 15 22 8 -43 -97 80 21 -94 93 40 -74) 70

Selected mother =
82
(-18 -54 69 -97 99 -46 85 81 18 -98 82 -18 -71 -7 -62 -19 -76 -7 -82 -71 57 -18 -87 52 -5 -16 70 -80 58 -80 96 78 -9
 -67 82 49 -63 54 -33 -87 21 20 -48 -30 -56 -33 3 -91 53 -90 -40 -52 84 -54 -35 64 -50) 80
Selected father =
59
(-66 28 38 -12 -70 -32 30 52 29 -21 25 29 -81 -39 -73 51 62 -36 -51 -92 61 -64 8 -53 -31 -18 71 79 -28 50 -88 -78 -44
 -65 -56 -91 99 48 53 -55 55 71 37 -10 -63 24 15 22 8 -43 -97 80 21 -94 93 40 -74) 70
the crossover =
0
(-66 -54 69 -97 99 -46 85 81 18 -98 82 -18 -71 -7 -62 -19 -76 -7 -82 -71 57 -18 -87 52 -5 -16 70 -80 58 -80 96 78 -9
 -67 82 49 -63 54 -33 -55 55 71 37 -10 -63 24 15 22 8 -43 -97 80 21 -94 93 40 -74) 60
the possiblly mutated individual =
0
(-66 -54 69 -97 99 -46 85 81 18 -98 82 -18 -71 -7 67 -19 -76 -7 -82 -71 57 -18 -87 52 -5 -16 70 -80 58 -80 96 78 -9 -67
 82 49 -63 54 -33 -55 55 71 37 -10 -63 24 15 22 8 -43 -97 80 21 -94 93 40 -74) 60
the renumbered individual =
1
(-66 -54 69 -97 99 -46 85 81 18 -98 82 -18 -71 -7 67 -19 -76 -7 -82 -71 57 -18 -87 52 -5 -16 70 -80 58 -80 96 78 -9 -67
 82 49 -63 54 -33 -55 55 71 37 -10 -63 24 15 22 8 -43 -97 80 21 -94 93 40 -74) 60
-------------------------------------------------------------------------




Generation 1 population ...

1
(-66 -54 69 -97 99 -46 85 81 18 -98 82 -18 -71 -7 67 -19 -76 -7 -82 -71 57 -18 -87 52 -5 -16 70 -80 58 -80 96 78 -9 -67
 82 49 -63 54 -33 -55 55 71 37 -10 -63 24 15 22 8 -43 -97 80 21 -94 93 40 -74) 60



-------------------------------------------------------------------------
the sample of individuals ...
38
(-59 27 18 -10 -94 -96 57 -6 3 43 93 -51 49 73 -41 14 -69 92 -93 2 -18 -15 -21 79 71 27 -4 11 -7 7 61 36 -69 88 -35 64
 65 11 12 -68 -23 34 -33 -56 -59 -85 -65 -89 -99 0 -56 9 20 -66 -100 -54 24) -10
37
(65 -82 95 -45 -82 -1 -10 57 -8 -97 -75 -100 -94 32 96 52 53 -14 -71 94 66 -17 71 20 -83 -25 19 -6 14 -4 -4 33 33 -100
 -46 -82 -3 -60 -59 82 86 1 13 26 -83 -73 65 70 21 85 -5 -29 78 20 -40 -85 36) -20
28
(13 -100 -52 -38 36 -27 -82 86 -22 12 -50 -40 -99 58 -16 72 -26 49 -14 94 -15 99 -16 56 87 43 -24 -87 30 96 -75 -10 -99
 95 -9 -15 -69 48 31 72 -9 -58 92 -35 23 -15 11 38 99 -83 1 -92 -47 -29 9 -51 10) -30
64
(-38 41 -77 -55 7 -42 89 -31 -24 -15 -31 71 22 -33 34 3 -97 47 -66 75 -100 61 4 58 -24 -24 -33 -3 -82 -27 -58 6 25 -28
 -12 -77 67 -24 -48 38 97 -71 -20 29 92 -53 -88 17 16 -97 62 -56 38 -1 86 -91 -84) 0
45
(-81 34 97 -30 56 50 69 10 -35 37 -63 -18 95 -20 92 -33 96 -39 32 75 57 60 33 97 21 61 -61 40 21 87 83 39 -91 -23 -30
 92 -28 -19 -1 -64 -10 -45 -36 -81 19 -34 -42 -46 -25 -77 -32 -49 41 -9 -98 -27 -89) 80
68
(95 78 25 -53 -77 -14 -32 40 93 41 -87 6 35 -46 78 -79 77 75 -18 -29 -8 82 85 67 -2 -19 -80 -87 50 89 28 45 -74 -68 46
 15 39 69 -63 -41 -11 41 62 44 14 -82 21 23 -70 66 -9 -25 -42 59 94 -4 76) 40
4
(-10 84 -35 -64 -52 -100 55 -77 2 25 92 -56 53 91 16 92 79 77 -95 97 28 73 -38 -10 -100 49 34 -84 38 6 52 0 -38 -61 14
 78 -12 -32 -4 -30 -66 -22 29 -57 -99 -97 -85 -86 -16 -43 86 -82 -2 26 -1 71 87) -10
61
(98 17 -42 73 -13 89 -95 -97 -92 -21 1 -88 -84 -22 -37 71 -56 -19 8 -81 95 95 64 -78 21 86 43 -44 -30 30 87 62 58 68 55
 -10 -67 -67 -24 -36 94 87 -84 -68 -34 -11 -56 73 49 53 -48 -34 -75 83 -15 45 48) 10
44
(-8 -95 54 45 79 -21 -95 -22 76 71 74 57 70 -92 92 -56 -100 -48 -17 97 -35 -64 28 18 -48 -6 -69 45 -52 78 62 -80 -97 14
 45 76 72 92 -5 64 -16 82 69 85 90 -70 80 -70 73 -82 90 -41 17 -18 -98 -20 -6) 50
70
(-97 56 -67 81 -81 7 91 93 -87 -14 60 -31 32 48 50 40 -6 57 -46 -45 -85 -21 -4 -52 18 82 5 53 -39 18 23 -23 7 -3 55 -57
 56 17 -84 -12 -23 -47 92 31 -58 41 24 -67 -58 5 -43 -91 36 9 43 68 6) -20
44
(-8 -95 54 45 79 -21 -95 -22 76 71 74 57 70 -92 92 -56 -100 -48 -17 97 -35 -64 28 18 -48 -6 -69 45 -52 78 62 -80 -97 14
 45 76 72 92 -5 64 -16 82 69 85 90 -70 80 -70 73 -82 90 -41 17 -18 -98 -20 -6) 50
66
(-17 12 23 25 -78 62 14 50 -66 -16 12 9 -100 -2 -84 -9 69 93 -32 -81 -54 46 13 -79 -13 17 -20 74 -86 -50 -31 -23 -57 11
 -51 9 67 66 -83 -29 -80 58 91 -77 37 12 -62 -15 77 -50 12 -8 63 -78 6 -48 5) -10
32
(-6 -74 -81 7 -69 -4 6 -14 -72 -78 -97 -78 -11 83 26 -39 -3 -74 -39 -90 25 41 -5 -86 -18 10 -53 -76 -27 71 -31 -84 52
 77 14 -70 34 -38 66 -25 92 38 -48 -88 21 27 70 47 64 82 8 -36 -26 8 36 86 36) -10
67
(-82 88 61 95 99 24 -25 -65 -73 54 -37 13 53 88 -33 -6 98 29 -25 -9 48 4 61 -83 -59 52 -14 -84 -85 75 8 55 -32 -95 58
 -44 13 -60 -80 47 -71 12 94 -26 37 -58 -92 -36 64 -92 -99 0 -46 25 -94 -52 26) -20
70
(-97 56 -67 81 -81 7 91 93 -87 -14 60 -31 32 48 50 40 -6 57 -46 -45 -85 -21 -4 -52 18 82 5 53 -39 18 23 -23 7 -3 55 -57
 56 17 -84 -12 -23 -47 92 31 -58 41 24 -67 -58 5 -43 -91 36 9 43 68 6) -20
97
(99 58 0 71 82 75 62 63 40 88 -90 -13 66 9 -79 -95 63 24 55 58 -45 46 -97 42 14 -37 -54 67 12 48 -32 -8 -75 15 22 68
 -12 94 -80 59 58 66 83 -91 -45 -23 -55 80 -19 -83 -88 -83 -82 -11 -15 64 -83) 20

the most fit of the sample ...
45
(-81 34 97 -30 56 50 69 10 -35 37 -63 -18 95 -20 92 -33 96 -39 32 75 57 60 33 97 21 61 -61 40 21 87 83 39 -91 -23 -30
 92 -28 -19 -1 -64 -10 -45 -36 -81 19 -34 -42 -46 -25 -77 -32 -49 41 -9 -98 -27 -89) 80

the sample of individuals ...
68
(95 78 25 -53 -77 -14 -32 40 93 41 -87 6 35 -46 78 -79 77 75 -18 -29 -8 82 85 67 -2 -19 -80 -87 50 89 28 45 -74 -68 46
 15 39 69 -63 -41 -11 41 62 44 14 -82 21 23 -70 66 -9 -25 -42 59 94 -4 76) 40
48
(17 -26 -39 23 -83 -84 -20 57 21 -42 -22 29 84 94 8 -76 -59 -43 -13 59 -14 -82 0 38 -48 -79 -85 -23 -49 35 42 15 5 11 1
 -3 99 -76 46 30 4 15 84 -57 -54 -56 66 -22 -45 87 -93 -91 -10 -73 -11 -86 -95) 70
48
(17 -26 -39 23 -83 -84 -20 57 21 -42 -22 29 84 94 8 -76 -59 -43 -13 59 -14 -82 0 38 -48 -79 -85 -23 -49 35 42 15 5 11 1
 -3 99 -76 46 30 4 15 84 -57 -54 -56 66 -22 -45 87 -93 -91 -10 -73 -11 -86 -95) 70
28
(13 -100 -52 -38 36 -27 -82 86 -22 12 -50 -40 -99 58 -16 72 -26 49 -14 94 -15 99 -16 56 87 43 -24 -87 30 96 -75 -10 -99
 95 -9 -15 -69 48 31 72 -9 -58 92 -35 23 -15 11 38 99 -83 1 -92 -47 -29 9 -51 10) -30
8
(-42 -90 1 26 -80 -37 -17 -8 16 79 -36 47 40 5 -33 24 99 -83 -13 -55 68 -54 -73 20 39 -52 -90 15 -100 1 95 92 81 -34
 -19 -95 -9 32 94 88 98 -56 -43 -67 91 -47 26 20 24 82 95 -69 49 -56 3 -14 10) 10
92
(-78 -6 30 51 -29 59 -47 -91 -55 8 73 -35 19 98 -8 -81 32 36 -50 22 37 77 -3 48 -4 -85 77 -3 9 -100 55 13 29 -35 -52 1
 13 38 -19 -65 -38 42 26 25 -88 -87 -58 37 9 -89 -40 -44 -31 29 -23 -36 -62) 60
49
(16 -51 -34 -4 70 23 -20 5 9 -48 -30 60 -2 -49 -71 -81 -5 -59 55 -51 -60 -69 -66 12 43 2 12 70 33 58 -61 -83 -80 78 81
 45 -5 52 -1 81 -86 64 -68 -70 33 0 81 69 48 -73 12 -93 58 -92 16 -94 -40) 20
40
(86 -92 -56 -46 42 -9 99 -83 -69 -17 61 -9 -5 79 -76 -70 30 81 -61 69 13 -81 1 -95 -91 -22 -71 -45 -18 -67 -46 -17 -89
 -88 22 33 -9 8 29 52 -21 35 9 45 -11 -33 97 39 96 -78 -55 30 95 97 54 -26 -98) 10
81
(-8 83 92 90 59 68 -2 -84 18 42 7 68 -94 44 -95 37 -39 45 88 -22 -53 -44 24 -50 97 93 -35 4 31 -76 -77 39 92 -57 -74 96
 12 -5 -23 -59 -81 -5 97 23 -7 55 -87 9 81 88 -51 -10 37 63 89 73 3) -50
3
(-97 12 68 1 -52 -31 -73 8 -71 -33 28 -98 -70 82 -60 78 -52 -45 43 87 -47 -17 56 84 80 -1 32 -68 57 -9 -70 -15 -29 65
 82 -29 63 1 24 44 -84 -15 40 -77 -5 29 74 84 74 -26 -95 -92 68 -15 -50 -80 -43) -40
78
(71 80 -78 55 -24 -54 -100 44 -81 34 49 95 -65 -74 -29 -62 -34 -8 -98 23 55 -83 -92 49 66 -57 -79 63 -95 4 37 94 -61 7
 -41 -98 19 28 -41 -54 -73 15 -39 -94 -13 36 71 50 -58 -43 69 83 -30 -22 44 -25 -58) 10
52
(69 72 42 -37 -100 -35 -61 -100 42 -46 -75 32 21 -65 85 -50 4 -17 -31 -8 -100 91 -37 4 -16 -83 -86 83 98 -1 10 -100 53
 4 81 80 -35 3 -29 -50 -36 49 -83 14 -91 -83 -85 80 66 36 12 -84 39 -91 99 -55 79) 80
54
(-37 -91 9 48 -6 -99 72 -55 36 77 -93 -82 76 -37 -4 -38 -81 98 -1 79 42 47 -99 39 -93 -20 -52 -38 44 87 -86 -66 46 -6
 -89 -40 58 99 34 37 7 -53 25 14 41 -55 67 -99 62 -98 -97 3 73 24 54 84 -54) 0
100
(19 -56 13 -46 58 17 67 6 -65 93 57 -24 -42 99 -53 -34 96 46 -17 -53 -38 16 80 28 -98 -69 -91 -77 -80 -56 33 -90 80 18
 -69 -25 44 41 78 -28 44 65 -8 -98 -34 -45 -4 43 3 81 73 94 -10 -4 -61 -99 98) 40
36
(-93 42 -31 -27 -37 96 -14 93 -36 -22 -75 30 8 -88 -67 62 42 61 98 -11 14 -77 13 -68 -67 -68 -41 -62 84 -47 -94 -26 -28
 85 -20 42 2 32 65 -37 -74 30 -8 -19 -35 -96 -54 -69 17 56 -64 25 14 47 53 -99 -19) 0
44
(-8 -95 54 45 79 -21 -95 -22 76 71 74 57 70 -92 92 -56 -100 -48 -17 97 -35 -64 28 18 -48 -6 -69 45 -52 78 62 -80 -97 14
 45 76 72 92 -5 64 -16 82 69 85 90 -70 80 -70 73 -82 90 -41 17 -18 -98 -20 -6) 50

the most fit of the sample ...
52
(69 72 42 -37 -100 -35 -61 -100 42 -46 -75 32 21 -65 85 -50 4 -17 -31 -8 -100 91 -37 4 -16 -83 -86 83 98 -1 10 -100 53
 4 81 80 -35 3 -29 -50 -36 49 -83 14 -91 -83 -85 80 66 36 12 -84 39 -91 99 -55 79) 80

Selected mother =
45
(-81 34 97 -30 56 50 69 10 -35 37 -63 -18 95 -20 92 -33 96 -39 32 75 57 60 33 97 21 61 -61 40 21 87 83 39 -91 -23 -30
 92 -28 -19 -1 -64 -10 -45 -36 -81 19 -34 -42 -46 -25 -77 -32 -49 41 -9 -98 -27 -89) 80
Selected father =
52
(69 72 42 -37 -100 -35 -61 -100 42 -46 -75 32 21 -65 85 -50 4 -17 -31 -8 -100 91 -37 4 -16 -83 -86 83 98 -1 10 -100 53
 4 81 80 -35 3 -29 -50 -36 49 -83 14 -91 -83 -85 80 66 36 12 -84 39 -91 99 -55 79) 80
the crossover =
0
(69 72 42 -37 -100 -35 -61 -100 42 -46 -75 32 21 -65 85 -50 4 -17 -31 -8 -100 91 -37 4 -16 -83 -86 83 98 -1 10 -100 53
 4 81 80 -28 -19 -1 -64 -10 -45 -36 -81 19 -34 -42 -46 66 36 12 -84 39 -91 99 -55 79) -10
the possiblly mutated individual =
0
(69 72 42 -37 -100 -35 -61 -100 42 -46 -75 32 21 -65 85 -50 4 -17 -31 -8 -100 91 -37 4 -16 -83 -86 83 98 -1 10 -100 53
 4 81 80 -28 -19 -1 -64 -10 -45 -36 -81 19 -34 -42 -46 66 36 12 -84 39 -91 99 -55 79) -10
the renumbered individual =
2
(69 72 42 -37 -100 -35 -61 -100 42 -46 -75 32 21 -65 85 -50 4 -17 -31 -8 -100 91 -37 4 -16 -83 -86 83 98 -1 10 -100 53
 4 81 80 -28 -19 -1 -64 -10 -45 -36 -81 19 -34 -42 -46 66 36 12 -84 39 -91 99 -55 79) -10
-------------------------------------------------------------------------




Generation 1 population ...

1
(-66 -54 69 -97 99 -46 85 81 18 -98 82 -18 -71 -7 67 -19 -76 -7 -82 -71 57 -18 -87 52 -5 -16 70 -80 58 -80 96 78 -9 -67
 82 49 -63 54 -33 -55 55 71 37 -10 -63 24 15 22 8 -43 -97 80 21 -94 93 40 -74) 60
2
(69 72 42 -37 -100 -35 -61 -100 42 -46 -75 32 21 -65 85 -50 4 -17 -31 -8 -100 91 -37 4 -16 -83 -86 83 98 -1 10 -100 53
 4 81 80 -28 -19 -1 -64 -10 -45 -36 -81 19 -34 -42 -46 66 36 12 -84 39 -91 99 -55 79) -10



-------------------------------------------------------------------------
the sample of individuals ...
80
(-59 87 38 -27 -48 89 46 90 0 52 30 -49 -35 -90 38 -66 -61 -68 57 13 29 -44 86 -26 86 54 -48 31 0 76 93 97 47 88 -88 59
 -28 -44 9 54 29 82 10 57 65 84 49 28 -89 -46 35 -25 30 -31 -59 -14 -60) 20
60
(32 68 75 61 75 13 -99 57 94 -21 -91 -46 20 79 6 47 87 68 -58 49 -61 57 1 -9 -6 -60 -100 74 -33 51 -52 -87 -67 -29 -41
 12 8 68 8 27 8 -39 -42 -82 -76 -14 -21 -28 -22 -53 -10 -41 -78 69 67 -52 34) 0
6
(79 55 46 -15 -55 -4 55 -45 64 -10 6 -81 45 28 -5 32 48 8 -52 -65 -92 -72 -62 23 39 -42 -95 -57 21 -1 -45 -59 11 53 52
 -9 -50 -66 -28 -94 60 13 82 -18 -72 -74 46 -50 96 45 -84 -22 -72 -58 -42 -90 -57) -10
67
(-82 88 61 95 99 24 -25 -65 -73 54 -37 13 53 88 -33 -6 98 29 -25 -9 48 4 61 -83 -59 52 -14 -84 -85 75 8 55 -32 -95 58
 -44 13 -60 -80 47 -71 12 94 -26 37 -58 -92 -36 64 -92 -99 0 -46 25 -94 -52 26) -20
90
(-36 67 64 -17 -20 -23 -94 81 -31 6 -71 4 -37 -5 50 -33 -12 -82 -66 -11 98 -23 2 94 74 74 23 -81 -7 67 -7 -48 -61 -30
 26 35 -89 56 -81 10 47 52 -16 71 58 15 26 -37 43 -33 38 -62 -87 71 -63 20 -89) 50
22
(-17 -39 -63 -52 -65 -13 -98 -8 -60 -74 -88 -47 -2 9 81 -70 -58 -34 -43 -35 86 -7 -67 -92 77 86 54 72 -74 -6 -16 -100
 -72 54 66 48 37 17 2 57 -43 -75 72 -75 26 15 34 -30 -21 82 87 78 12 27 39 70 58) -10
72
(-90 0 27 92 -12 0 -20 27 -17 4 98 -23 -74 -1 -27 38 49 83 -25 2 -50 2 95 -49 -13 4 15 17 -95 54 96 51 20 80 10 -70 -42
 36 63 -6 60 -68 -88 62 -82 66 68 90 -95 7 78 -12 46 39 -19 -36 2) 20
51
(16 -69 83 45 52 -72 80 -96 92 83 43 16 50 -79 -61 50 -45 -51 44 10 34 73 -82 21 -84 89 69 50 76 -65 17 -54 47 -35 -34
 -35 71 72 -61 -97 -78 -55 20 -35 -94 37 34 98 -91 20 80 14 76 -68 -58 -12 -99) 20
86
(11 -13 -48 -46 -95 16 -31 88 -71 -92 94 8 -75 -10 -81 -32 -20 88 82 -66 -14 -98 -26 47 84 44 -7 -5 94 94 -76 53 -17 0
 76 -27 90 -18 -23 8 77 67 -31 68 60 -4 52 15 -99 28 56 39 -93 39 -20 -55 -11) 30
45
(-81 34 97 -30 56 50 69 10 -35 37 -63 -18 95 -20 92 -33 96 -39 32 75 57 60 33 97 21 61 -61 40 21 87 83 39 -91 -23 -30
 92 -28 -19 -1 -64 -10 -45 -36 -81 19 -34 -42 -46 -25 -77 -32 -49 41 -9 -98 -27 -89) 80
93
(-91 66 -72 -8 -80 21 78 -68 -22 -55 -10 19 -14 -15 71 -90 -4 4 3 33 97 -84 -16 -2 -92 -63 -33 57 -2 53 87 20 -47 16
 -71 -37 -27 3 68 -41 56 -17 40 61 16 93 -60 37 -95 -82 11 -18 -60 58 97 71 68) 70
37
(65 -82 95 -45 -82 -1 -10 57 -8 -97 -75 -100 -94 32 96 52 53 -14 -71 94 66 -17 71 20 -83 -25 19 -6 14 -4 -4 33 33 -100
 -46 -82 -3 -60 -59 82 86 1 13 26 -83 -73 65 70 21 85 -5 -29 78 20 -40 -85 36) -20
94
(83 -72 77 72 1 -9 58 6 37 -48 34 -3 17 55 6 40 -4 -32 -86 -65 81 -80 -31 0 47 48 78 24 88 -89 51 60 20 -1 -35 85 -83
 29 -21 93 -38 92 28 -58 39 -23 56 -62 1 -98 44 73 -11 1 40 -80 16) 10
14
(-68 83 -77 -60 -20 -58 -12 -37 -52 -47 -85 -78 22 74 -71 -60 -6 27 -79 64 2 -23 38 12 -35 78 -3 -49 -49 8 -3 28 -3 -78
 -36 11 92 -55 19 25 -39 -18 71 38 -73 -48 25 84 46 -15 4 -92 73 94 -5 -37 -26) 0
1
(64 -93 94 -91 83 -42 -46 21 90 58 68 53 -49 -45 -28 81 -46 -41 81 75 -49 -53 84 8 30 -38 60 56 75 60 90 32 -98 -78 45
 41 -53 21 61 56 -39 30 -46 6 -68 78 12 -9 -59 -18 74 13 -89 93 -98 21 -30) 30
24
(71 -3 6 15 -57 -26 -76 -32 -83 -39 40 14 25 25 -6 -87 58 -65 85 -32 -98 -90 -57 -4 -83 45 99 60 29 2 -79 -79 77 59 35
 26 45 -51 40 15 57 72 -5 -80 -28 47 66 77 33 -62 33 -11 34 -43 -65 -94 35) 10

the most fit of the sample ...
45
(-81 34 97 -30 56 50 69 10 -35 37 -63 -18 95 -20 92 -33 96 -39 32 75 57 60 33 97 21 61 -61 40 21 87 83 39 -91 -23 -30
 92 -28 -19 -1 -64 -10 -45 -36 -81 19 -34 -42 -46 -25 -77 -32 -49 41 -9 -98 -27 -89) 80

the sample of individuals ...
71
(-57 -65 64 23 -18 99 54 -73 0 -13 78 -80 73 73 4 24 53 -96 -25 20 -39 42 -52 -15 -98 51 82 99 67 14 93 -47 90 -67 5
 -51 80 -77 -34 70 -8 20 -72 -65 15 33 -34 -96 87 15 89 98 30 95 -28 -51 -10) 20
83
(-55 -55 53 -60 -99 -13 58 15 -67 -30 28 40 -55 52 2 -56 72 90 48 -26 -37 16 -26 22 1 71 80 54 75 52 -10 -71 -64 -47
 -68 -66 8 81 -31 -56 19 86 -79 -58 89 85 85 90 57 -65 -16 -28 5 -40 -78 -34 -22) 20
38
(-59 27 18 -10 -94 -96 57 -6 3 43 93 -51 49 73 -41 14 -69 92 -93 2 -18 -15 -21 79 71 27 -4 11 -7 7 61 36 -69 88 -35 64
 65 11 12 -68 -23 34 -33 -56 -59 -85 -65 -89 -99 0 -56 9 20 -66 -100 -54 24) -10
2
(63 -19 -66 10 2 -14 79 6 25 98 40 36 99 -34 46 -23 -29 86 58 76 56 -5 81 98 52 -78 75 -31 95 38 -19 -1 83 -28 89 -78
 64 79 43 -32 -8 52 52 -50 -47 -35 81 -76 0 56 -53 53 -30 -41 -74 -15 19) 10
72
(-90 0 27 92 -12 0 -20 27 -17 4 98 -23 -74 -1 -27 38 49 83 -25 2 -50 2 95 -49 -13 4 15 17 -95 54 96 51 20 80 10 -70 -42
 36 63 -6 60 -68 -88 62 -82 66 68 90 -95 7 78 -12 46 39 -19 -36 2) 20
90
(-36 67 64 -17 -20 -23 -94 81 -31 6 -71 4 -37 -5 50 -33 -12 -82 -66 -11 98 -23 2 94 74 74 23 -81 -7 67 -7 -48 -61 -30
 26 35 -89 56 -81 10 47 52 -16 71 58 15 26 -37 43 -33 38 -62 -87 71 -63 20 -89) 50
13
(-51 -78 17 94 96 -5 7 12 40 80 7 95 -66 -61 31 -56 68 83 -32 -12 -37 -76 24 -51 46 75 33 -82 71 53 -23 89 47 -17 -6
 -37 40 -19 -78 36 -67 -3 -6 -78 -18 -77 -95 5 -81 37 8 27 96 -27 85 -61 -68) -20
54
(-37 -91 9 48 -6 -99 72 -55 36 77 -93 -82 76 -37 -4 -38 -81 98 -1 79 42 47 -99 39 -93 -20 -52 -38 44 87 -86 -66 46 -6
 -89 -40 58 99 34 37 7 -53 25 14 41 -55 67 -99 62 -98 -97 3 73 24 54 84 -54) 0
78
(71 80 -78 55 -24 -54 -100 44 -81 34 49 95 -65 -74 -29 -62 -34 -8 -98 23 55 -83 -92 49 66 -57 -79 63 -95 4 37 94 -61 7
 -41 -98 19 28 -41 -54 -73 15 -39 -94 -13 36 71 50 -58 -43 69 83 -30 -22 44 -25 -58) 10
66
(-17 12 23 25 -78 62 14 50 -66 -16 12 9 -100 -2 -84 -9 69 93 -32 -81 -54 46 13 -79 -13 17 -20 74 -86 -50 -31 -23 -57 11
 -51 9 67 66 -83 -29 -80 58 91 -77 37 12 -62 -15 77 -50 12 -8 63 -78 6 -48 5) -10
88
(7 5 -76 98 -45 96 69 -51 35 -53 -29 -15 -24 -23 44 49 55 27 76 -53 32 43 74 64 -87 99 -48 -1 98 -50 -59 49 -24 11 12
 45 -76 -9 -99 -77 27 41 33 43 -34 -26 -40 -51 -78 61 -44 -40 71 -21 45 -42 -69) -40
82
(-18 -54 69 -97 99 -46 85 81 18 -98 82 -18 -71 -7 -62 -19 -76 -7 -82 -71 57 -18 -87 52 -5 -16 70 -80 58 -80 96 78 -9
 -67 82 49 -63 54 -33 -87 21 20 -48 -30 -56 -33 3 -91 53 -90 -40 -52 84 -54 -35 64 -50) 80
63
(-63 71 8 -45 -4 6 52 76 -40 1 -11 -85 34 -87 -43 6 84 -92 -91 8 61 34 -64 -7 85 -65 15 42 -12 -51 -10 -13 66 74 -44 54
 63 -68 85 -29 -30 -78 73 20 84 37 12 9 52 16 85 -28 -86 78 -62 -93 71) -40
96
(-30 73 75 -60 98 -67 57 -45 -25 -73 -17 14 55 -7 -42 6 -6 -3 -66 -78 -66 -2 -24 -77 -46 67 -82 -48 -90 57 47 49 14 88
 -35 38 -83 -5 49 -49 78 -78 84 -77 67 -71 -98 20 -32 73 -79 7 79 -28 -4 -17 -61) 0
57
(41 -52 -54 94 -53 -1 -49 -66 -8 -76 23 68 -60 2 81 5 -50 -92 -92 -79 -37 49 58 71 -87 43 -71 -2 -49 98 -14 91 66 88 60
 80 63 -44 -96 97 21 -78 -27 -98 -30 0 -77 14 -20 88 74 81 -9 -46 90 -45 -68) -50
72
(-90 0 27 92 -12 0 -20 27 -17 4 98 -23 -74 -1 -27 38 49 83 -25 2 -50 2 95 -49 -13 4 15 17 -95 54 96 51 20 80 10 -70 -42
 36 63 -6 60 -68 -88 62 -82 66 68 90 -95 7 78 -12 46 39 -19 -36 2) 20

the most fit of the sample ...
82
(-18 -54 69 -97 99 -46 85 81 18 -98 82 -18 -71 -7 -62 -19 -76 -7 -82 -71 57 -18 -87 52 -5 -16 70 -80 58 -80 96 78 -9
 -67 82 49 -63 54 -33 -87 21 20 -48 -30 -56 -33 3 -91 53 -90 -40 -52 84 -54 -35 64 -50) 80

Selected mother =
45
(-81 34 97 -30 56 50 69 10 -35 37 -63 -18 95 -20 92 -33 96 -39 32 75 57 60 33 97 21 61 -61 40 21 87 83 39 -91 -23 -30
 92 -28 -19 -1 -64 -10 -45 -36 -81 19 -34 -42 -46 -25 -77 -32 -49 41 -9 -98 -27 -89) 80
Selected father =
82
(-18 -54 69 -97 99 -46 85 81 18 -98 82 -18 -71 -7 -62 -19 -76 -7 -82 -71 57 -18 -87 52 -5 -16 70 -80 58 -80 96 78 -9
 -67 82 49 -63 54 -33 -87 21 20 -48 -30 -56 -33 3 -91 53 -90 -40 -52 84 -54 -35 64 -50) 80
the crossover =
0
(-81 34 97 -30 56 50 69 10 -35 37 -63 -18 95 -20 92 -33 96 -39 32 75 57 60 33 97 21 61 -61 40 21 87 83 39 -91 -67 82 49
 -63 54 -33 -87 21 20 -48 -30 -56 -34 -42 -46 -25 -77 -32 -49 41 -9 -98 -27 -89) 40
the possiblly mutated individual =
0
(-81 34 97 -30 56 50 69 10 -35 37 -63 -18 95 -20 92 -33 96 -39 32 75 57 60 33 97 21 61 -61 40 21 87 83 39 -91 -67 82 49
 -63 54 -33 -87 21 20 -48 -30 -56 -34 -42 -46 -25 -77 -32 -49 41 -9 -98 -27 -89) 40
the renumbered individual =
3
(-81 34 97 -30 56 50 69 10 -35 37 -63 -18 95 -20 92 -33 96 -39 32 75 57 60 33 97 21 61 -61 40 21 87 83 39 -91 -67 82 49
 -63 54 -33 -87 21 20 -48 -30 -56 -34 -42 -46 -25 -77 -32 -49 41 -9 -98 -27 -89) 40
-------------------------------------------------------------------------




Generation 1 population ...

1
(-66 -54 69 -97 99 -46 85 81 18 -98 82 -18 -71 -7 67 -19 -76 -7 -82 -71 57 -18 -87 52 -5 -16 70 -80 58 -80 96 78 -9 -67
 82 49 -63 54 -33 -55 55 71 37 -10 -63 24 15 22 8 -43 -97 80 21 -94 93 40 -74) 60
2
(69 72 42 -37 -100 -35 -61 -100 42 -46 -75 32 21 -65 85 -50 4 -17 -31 -8 -100 91 -37 4 -16 -83 -86 83 98 -1 10 -100 53
 4 81 80 -28 -19 -1 -64 -10 -45 -36 -81 19 -34 -42 -46 66 36 12 -84 39 -91 99 -55 79) -10
3
(-81 34 97 -30 56 50 69 10 -35 37 -63 -18 95 -20 92 -33 96 -39 32 75 57 60 33 97 21 61 -61 40 21 87 83 39 -91 -67 82 49
 -63 54 -33 -87 21 20 -48 -30 -56 -34 -42 -46 -25 -77 -32 -49 41 -9 -98 -27 -89) 40



-------------------------------------------------------------------------
the sample of individuals ...
45
(-81 34 97 -30 56 50 69 10 -35 37 -63 -18 95 -20 92 -33 96 -39 32 75 57 60 33 97 21 61 -61 40 21 87 83 39 -91 -23 -30
 92 -28 -19 -1 -64 -10 -45 -36 -81 19 -34 -42 -46 -25 -77 -32 -49 41 -9 -98 -27 -89) 80
100
(19 -56 13 -46 58 17 67 6 -65 93 57 -24 -42 99 -53 -34 96 46 -17 -53 -38 16 80 28 -98 -69 -91 -77 -80 -56 33 -90 80 18
 -69 -25 44 41 78 -28 44 65 -8 -98 -34 -45 -4 43 3 81 73 94 -10 -4 -61 -99 98) 40
23
(-92 71 -15 34 19 48 44 -55 -39 -10 -98 -5 -26 43 -45 46 -70 51 59 -19 -45 96 -37 0 4 13 -71 49 -6 13 57 95 -25 36 -84
 -35 -79 11 -26 -39 -62 -26 38 -32 48 -81 -89 -2 -20 -6 -37 -24 -67 25 85 -99 -44) 0
83
(-55 -55 53 -60 -99 -13 58 15 -67 -30 28 40 -55 52 2 -56 72 90 48 -26 -37 16 -26 22 1 71 80 54 75 52 -10 -71 -64 -47
 -68 -66 8 81 -31 -56 19 86 -79 -58 89 85 85 90 57 -65 -16 -28 5 -40 -78 -34 -22) 20
97
(99 58 0 71 82 75 62 63 40 88 -90 -13 66 9 -79 -95 63 24 55 58 -45 46 -97 42 14 -37 -54 67 12 48 -32 -8 -75 15 22 68
 -12 94 -80 59 58 66 83 -91 -45 -23 -55 80 -19 -83 -88 -83 -82 -11 -15 64 -83) 20
70
(-97 56 -67 81 -81 7 91 93 -87 -14 60 -31 32 48 50 40 -6 57 -46 -45 -85 -21 -4 -52 18 82 5 53 -39 18 23 -23 7 -3 55 -57
 56 17 -84 -12 -23 -47 92 31 -58 41 24 -67 -58 5 -43 -91 36 9 43 68 6) -20
12
(46 -68 45 -13 -45 -94 -37 84 32 -86 97 -40 59 -58 72 -66 -93 72 -31 -9 -26 -47 77 -40 -18 -44 -28 21 86 -54 -63 74 -49
 -75 -5 -70 31 79 -21 82 22 -78 -30 -51 42 -64 -70 96 26 98 -46 29 68 3 -83 74 26) -10
7
(20 -8 -45 47 4 3 -45 95 32 -43 7 -21 63 -2 -61 -32 -62 -13 -26 10 70 -100 -83 -96 -73 -25 55 93 -95 -11 80 31 -57 58
 -64 -95 63 8 -29 -93 -87 50 -7 15 -11 59 62 -12 4 7 72 -59 12 -66 -50 96 31) 30
82
(-18 -54 69 -97 99 -46 85 81 18 -98 82 -18 -71 -7 -62 -19 -76 -7 -82 -71 57 -18 -87 52 -5 -16 70 -80 58 -80 96 78 -9
 -67 82 49 -63 54 -33 -87 21 20 -48 -30 -56 -33 3 -91 53 -90 -40 -52 84 -54 -35 64 -50) 80
32
(-6 -74 -81 7 -69 -4 6 -14 -72 -78 -97 -78 -11 83 26 -39 -3 -74 -39 -90 25 41 -5 -86 -18 10 -53 -76 -27 71 -31 -84 52
 77 14 -70 34 -38 66 -25 92 38 -48 -88 21 27 70 47 64 82 8 -36 -26 8 36 86 36) -10
24
(71 -3 6 15 -57 -26 -76 -32 -83 -39 40 14 25 25 -6 -87 58 -65 85 -32 -98 -90 -57 -4 -83 45 99 60 29 2 -79 -79 77 59 35
 26 45 -51 40 15 57 72 -5 -80 -28 47 66 77 33 -62 33 -11 34 -43 -65 -94 35) 10
65
(-68 -46 -58 -55 -22 -56 -29 84 56 61 75 -20 75 62 32 -89 -14 55 16 -51 9 -82 37 -28 24 -9 -61 -35 -21 48 55 75 -54 44
 68 -47 17 42 -50 26 -25 -35 -47 64 40 -36 -72 -96 45 -23 98 75 -79 -60 -90 -51 12) -20
55
(98 -21 40 90 24 63 81 -80 -35 65 -15 -79 79 -96 -52 58 95 -78 48 -34 -52 14 -70 13 -24 -37 74 -72 63 25 -36 -24 61 -99
 -9 -33 54 0 63 -69 -90 71 45 -48 49 90 -28 -92 -46 22 52 11 -74 -11 -23 27 71) 30
20
(57 -65 -72 -34 9 66 94 -59 81 -89 -9 -87 -90 -29 6 8 16 77 50 3 62 -54 -51 50 39 40 -25 -68 40 61 50 -86 -77 55 -82 -4
 52 4 -68 95 -52 -87 -19 7 32 78 -62 -63 -39 -42 -28 -89 -69 33 -85 79 40) -10
62
(-58 -92 34 -39 40 55 22 36 -16 45 47 88 -87 -85 -3 -5 82 28 28 50 71 -20 71 -5 -27 -82 41 -2 23 -64 43 53 5 83 -12 -70
 50 14 -78 39 -29 -78 -100 6 85 -19 -15 81 -90 -46 24 72 -56 93 -96 -32 68) 20
93
(-91 66 -72 -8 -80 21 78 -68 -22 -55 -10 19 -14 -15 71 -90 -4 4 3 33 97 -84 -16 -2 -92 -63 -33 57 -2 53 87 20 -47 16
 -71 -37 -27 3 68 -41 56 -17 40 61 16 93 -60 37 -95 -82 11 -18 -60 58 97 71 68) 70

the most fit of the sample ...
45
(-81 34 97 -30 56 50 69 10 -35 37 -63 -18 95 -20 92 -33 96 -39 32 75 57 60 33 97 21 61 -61 40 21 87 83 39 -91 -23 -30
 92 -28 -19 -1 -64 -10 -45 -36 -81 19 -34 -42 -46 -25 -77 -32 -49 41 -9 -98 -27 -89) 80

the sample of individuals ...
57
(41 -52 -54 94 -53 -1 -49 -66 -8 -76 23 68 -60 2 81 5 -50 -92 -92 -79 -37 49 58 71 -87 43 -71 -2 -49 98 -14 91 66 88 60
 80 63 -44 -96 97 21 -78 -27 -98 -30 0 -77 14 -20 88 74 81 -9 -46 90 -45 -68) -50
93
(-91 66 -72 -8 -80 21 78 -68 -22 -55 -10 19 -14 -15 71 -90 -4 4 3 33 97 -84 -16 -2 -92 -63 -33 57 -2 53 87 20 -47 16
 -71 -37 -27 3 68 -41 56 -17 40 61 16 93 -60 37 -95 -82 11 -18 -60 58 97 71 68) 70
10
(-58 -40 -83 81 40 31 -19 -5 35 -12 -92 99 60 -24 -72 26 -73 -32 -30 34 -13 87 54 13 -55 -21 -51 46 -94 -51 -12 -12 41
 -5 -99 -12 75 -41 91 14 52 15 41 77 -53 -27 -78 65 74 -34 63 -10 25 37 94 -3 -6) -10
45
(-81 34 97 -30 56 50 69 10 -35 37 -63 -18 95 -20 92 -33 96 -39 32 75 57 60 33 97 21 61 -61 40 21 87 83 39 -91 -23 -30
 92 -28 -19 -1 -64 -10 -45 -36 -81 19 -34 -42 -46 -25 -77 -32 -49 41 -9 -98 -27 -89) 80
33
(51 45 21 43 8 65 10 80 22 61 -70 -67 -14 -25 81 44 67 -31 84 57 53 19 -13 -34 64 63 -73 -58 48 -28 -64 78 -99 -83 84
 85 -29 -46 -99 81 -79 76 17 -29 -69 91 -22 8 -78 -54 93 64 -47 -25 61 -39 -16) 30
17
(78 81 -46 14 -73 6 20 -26 -18 -61 30 -43 -49 54 90 96 -61 81 -65 -88 -37 5 30 -38 -15 84 84 -17 17 36 29 84 -62 -31 85
 41 -80 58 -97 -61 43 -87 16 4 -57 77 -93 64 -60 97 93 -79 5 -44 15 34 99) -50
29
(-67 42 61 -79 92 -40 7 81 92 9 86 93 12 -41 -24 16 1 91 31 -44 18 13 -87 13 -53 -65 96 94 -12 90 -31 0 33 -67 22 65 66
 -29 13 64 51 91 73 28 27 -40 -2 84 -2 -8 16 -58 69 24 43 90 75) 10
57
(41 -52 -54 94 -53 -1 -49 -66 -8 -76 23 68 -60 2 81 5 -50 -92 -92 -79 -37 49 58 71 -87 43 -71 -2 -49 98 -14 91 66 88 60
 80 63 -44 -96 97 21 -78 -27 -98 -30 0 -77 14 -20 88 74 81 -9 -46 90 -45 -68) -50
11
(-32 80 0 -3 48 -48 96 -77 -21 -55 -47 -75 -60 22 -46 -43 -49 73 96 -31 39 -9 34 29 -62 97 -84 -97 81 -77 -66 -29 35
 -66 -100 -33 -47 -89 -34 78 42 -80 -88 -33 -90 -100 -79 53 61 62 -91 -1 -17 41 -67 55 -37) -10
9
(-30 -48 57 -74 13 -65 8 80 -80 41 14 89 -73 -19 -60 15 -61 -1 -63 -53 -18 -83 -17 8 -23 42 82 9 23 30 -18 -79 34 74
 -40 35 35 -74 89 -62 -52 -84 8 -48 40 44 -73 1 39 -96 35 -42 -59 24 7 -100 98) -10
35
(42 -94 -42 -90 -86 -63 4 -14 19 71 20 -21 15 97 -10 70 58 0 -18 -87 0 25 27 -17 94 61 -54 -42 93 41 -22 2 12 -75 -33
 58 37 95 41 71 -74 87 -60 59 31 -62 16 -18 -56 -87 -96 64 -54 -71 -35 -28 19) 20
66
(-17 12 23 25 -78 62 14 50 -66 -16 12 9 -100 -2 -84 -9 69 93 -32 -81 -54 46 13 -79 -13 17 -20 74 -86 -50 -31 -23 -57 11
 -51 9 67 66 -83 -29 -80 58 91 -77 37 12 -62 -15 77 -50 12 -8 63 -78 6 -48 5) -10
7
(20 -8 -45 47 4 3 -45 95 32 -43 7 -21 63 -2 -61 -32 -62 -13 -26 10 70 -100 -83 -96 -73 -25 55 93 -95 -11 80 31 -57 58
 -64 -95 63 8 -29 -93 -87 50 -7 15 -11 59 62 -12 4 7 72 -59 12 -66 -50 96 31) 30
86
(11 -13 -48 -46 -95 16 -31 88 -71 -92 94 8 -75 -10 -81 -32 -20 88 82 -66 -14 -98 -26 47 84 44 -7 -5 94 94 -76 53 -17 0
 76 -27 90 -18 -23 8 77 67 -31 68 60 -4 52 15 -99 28 56 39 -93 39 -20 -55 -11) 30
63
(-63 71 8 -45 -4 6 52 76 -40 1 -11 -85 34 -87 -43 6 84 -92 -91 8 61 34 -64 -7 85 -65 15 42 -12 -51 -10 -13 66 74 -44 54
 63 -68 85 -29 -30 -78 73 20 84 37 12 9 52 16 85 -28 -86 78 -62 -93 71) -40
42
(-61 59 -41 9 31 83 12 27 -29 -9 16 -70 -84 -23 47 71 29 -17 27 45 62 -77 -72 27 -30 66 63 -81 -9 22 -58 -97 -96 61 45
 -88 28 26 -87 -54 -19 -87 -78 56 92 30 6 -22 42 13 70 20 95 1 -90 -33 5) 0

the most fit of the sample ...
45
(-81 34 97 -30 56 50 69 10 -35 37 -63 -18 95 -20 92 -33 96 -39 32 75 57 60 33 97 21 61 -61 40 21 87 83 39 -91 -23 -30
 92 -28 -19 -1 -64 -10 -45 -36 -81 19 -34 -42 -46 -25 -77 -32 -49 41 -9 -98 -27 -89) 80

Selected mother =
45
(-81 34 97 -30 56 50 69 10 -35 37 -63 -18 95 -20 92 -33 96 -39 32 75 57 60 33 97 21 61 -61 40 21 87 83 39 -91 -23 -30
 92 -28 -19 -1 -64 -10 -45 -36 -81 19 -34 -42 -46 -25 -77 -32 -49 41 -9 -98 -27 -89) 80
Selected father =
45
(-81 34 97 -30 56 50 69 10 -35 37 -63 -18 95 -20 92 -33 96 -39 32 75 57 60 33 97 21 61 -61 40 21 87 83 39 -91 -23 -30
 92 -28 -19 -1 -64 -10 -45 -36 -81 19 -34 -42 -46 -25 -77 -32 -49 41 -9 -98 -27 -89) 80
the crossover =
0
(-81 34 97 -30 56 50 69 10 -35 37 -63 -18 95 -20 92 -33 96 -39 32 75 57 60 33 97 21 61 -61 40 21 87 83 39 -91 -23 -30
 92 -28 -19 -1 -64 -10 -45 -36 -81 19 -34 -42 -46 -25 -77 -32 -49 41 -9 -98 -27 -89) 80
the possiblly mutated individual =
0
(-81 34 97 -30 56 50 69 10 -35 37 -63 -18 95 -20 92 -33 96 -39 32 75 57 60 33 97 21 61 -61 40 21 87 83 39 -91 -23 -30
 92 -28 -19 -1 -64 -10 -45 -36 -81 19 -34 -42 -46 -25 -77 -32 -49 41 -9 -98 -27 -89) 80
the renumbered individual =
4
(-81 34 97 -30 56 50 69 10 -35 37 -63 -18 95 -20 92 -33 96 -39 32 75 57 60 33 97 21 61 -61 40 21 87 83 39 -91 -23 -30
 92 -28 -19 -1 -64 -10 -45 -36 -81 19 -34 -42 -46 -25 -77 -32 -49 41 -9 -98 -27 -89) 80
-------------------------------------------------------------------------




Generation 1 population ...

1
(-66 -54 69 -97 99 -46 85 81 18 -98 82 -18 -71 -7 67 -19 -76 -7 -82 -71 57 -18 -87 52 -5 -16 70 -80 58 -80 96 78 -9 -67
 82 49 -63 54 -33 -55 55 71 37 -10 -63 24 15 22 8 -43 -97 80 21 -94 93 40 -74) 60
2
(69 72 42 -37 -100 -35 -61 -100 42 -46 -75 32 21 -65 85 -50 4 -17 -31 -8 -100 91 -37 4 -16 -83 -86 83 98 -1 10 -100 53
 4 81 80 -28 -19 -1 -64 -10 -45 -36 -81 19 -34 -42 -46 66 36 12 -84 39 -91 99 -55 79) -10
3
(-81 34 97 -30 56 50 69 10 -35 37 -63 -18 95 -20 92 -33 96 -39 32 75 57 60 33 97 21 61 -61 40 21 87 83 39 -91 -67 82 49
 -63 54 -33 -87 21 20 -48 -30 -56 -34 -42 -46 -25 -77 -32 -49 41 -9 -98 -27 -89) 40
4
(-81 34 97 -30 56 50 69 10 -35 37 -63 -18 95 -20 92 -33 96 -39 32 75 57 60 33 97 21 61 -61 40 21 87 83 39 -91 -23 -30
 92 -28 -19 -1 -64 -10 -45 -36 -81 19 -34 -42 -46 -25 -77 -32 -49 41 -9 -98 -27 -89) 80



-------------------------------------------------------------------------
the sample of individuals ...
60
(32 68 75 61 75 13 -99 57 94 -21 -91 -46 20 79 6 47 87 68 -58 49 -61 57 1 -9 -6 -60 -100 74 -33 51 -52 -87 -67 -29 -41
 12 8 68 8 27 8 -39 -42 -82 -76 -14 -21 -28 -22 -53 -10 -41 -78 69 67 -52 34) 0
80
(-59 87 38 -27 -48 89 46 90 0 52 30 -49 -35 -90 38 -66 -61 -68 57 13 29 -44 86 -26 86 54 -48 31 0 76 93 97 47 88 -88 59
 -28 -44 9 54 29 82 10 57 65 84 49 28 -89 -46 35 -25 30 -31 -59 -14 -60) 20
53
(85 -58 -23 52 18 -16 -95 41 -71 -79 27 -86 -46 -85 -10 -56 -31 21 -46 57 -27 49 -49 43 -21 88 78 6 -22 -61 44 65 94 1
 -52 -78 31 -90 43 41 -7 -16 -12 3 52 -21 83 -87 19 76 -60 24 63 7 -92 -63 -29) -50
100
(19 -56 13 -46 58 17 67 6 -65 93 57 -24 -42 99 -53 -34 96 46 -17 -53 -38 16 80 28 -98 -69 -91 -77 -80 -56 33 -90 80 18
 -69 -25 44 41 78 -28 44 65 -8 -98 -34 -45 -4 43 3 81 73 94 -10 -4 -61 -99 98) 40
14
(-68 83 -77 -60 -20 -58 -12 -37 -52 -47 -85 -78 22 74 -71 -60 -6 27 -79 64 2 -23 38 12 -35 78 -3 -49 -49 8 -3 28 -3 -78
 -36 11 92 -55 19 25 -39 -18 71 38 -73 -48 25 84 46 -15 4 -92 73 94 -5 -37 -26) 0
37
(65 -82 95 -45 -82 -1 -10 57 -8 -97 -75 -100 -94 32 96 52 53 -14 -71 94 66 -17 71 20 -83 -25 19 -6 14 -4 -4 33 33 -100
 -46 -82 -3 -60 -59 82 86 1 13 26 -83 -73 65 70 21 85 -5 -29 78 20 -40 -85 36) -20
74
(92 31 -23 -73 50 72 -77 49 -74 28 99 87 39 -75 46 -78 63 64 4 -99 -90 -48 -6 -81 -42 66 34 -2 87 -63 0 80 -30 -14 -91
 -46 -88 -49 22 36 83 -18 11 -71 -79 17 59 -7 14 13 -27 48 -32 -27 -90 -81 -29) 20
47
(57 -70 56 -83 74 -95 55 -60 56 68 -34 -54 58 -66 58 -68 -32 -14 50 -26 81 -39 42 54 -2 -23 58 24 -58 -6 -34 -22 74 -70
 30 -17 57 -16 94 46 -37 67 21 74 -48 -94 7 26 56 91 -27 57 98 86 50 -28 80) 10
98
(5 -94 27 54 51 -2 17 48 11 -62 69 49 -62 57 -45 62 52 23 -53 77 -72 -41 43 46 -23 47 92 -29 85 24 90 -42 7 -79 22 -87
 -65 67 -58 -58 14 60 -86 71 45 -81 94 -60 -26 64 37 42 -25 10 34 16 12) 60
65
(-68 -46 -58 -55 -22 -56 -29 84 56 61 75 -20 75 62 32 -89 -14 55 16 -51 9 -82 37 -28 24 -9 -61 -35 -21 48 55 75 -54 44
 68 -47 17 42 -50 26 -25 -35 -47 64 40 -36 -72 -96 45 -23 98 75 -79 -60 -90 -51 12) -20
93
(-91 66 -72 -8 -80 21 78 -68 -22 -55 -10 19 -14 -15 71 -90 -4 4 3 33 97 -84 -16 -2 -92 -63 -33 57 -2 53 87 20 -47 16
 -71 -37 -27 3 68 -41 56 -17 40 61 16 93 -60 37 -95 -82 11 -18 -60 58 97 71 68) 70
37
(65 -82 95 -45 -82 -1 -10 57 -8 -97 -75 -100 -94 32 96 52 53 -14 -71 94 66 -17 71 20 -83 -25 19 -6 14 -4 -4 33 33 -100
 -46 -82 -3 -60 -59 82 86 1 13 26 -83 -73 65 70 21 85 -5 -29 78 20 -40 -85 36) -20
81
(-8 83 92 90 59 68 -2 -84 18 42 7 68 -94 44 -95 37 -39 45 88 -22 -53 -44 24 -50 97 93 -35 4 31 -76 -77 39 92 -57 -74 96
 12 -5 -23 -59 -81 -5 97 23 -7 55 -87 9 81 88 -51 -10 37 63 89 73 3) -50
57
(41 -52 -54 94 -53 -1 -49 -66 -8 -76 23 68 -60 2 81 5 -50 -92 -92 -79 -37 49 58 71 -87 43 -71 -2 -49 98 -14 91 66 88 60
 80 63 -44 -96 97 21 -78 -27 -98 -30 0 -77 14 -20 88 74 81 -9 -46 90 -45 -68) -50
11
(-32 80 0 -3 48 -48 96 -77 -21 -55 -47 -75 -60 22 -46 -43 -49 73 96 -31 39 -9 34 29 -62 97 -84 -97 81 -77 -66 -29 35
 -66 -100 -33 -47 -89 -34 78 42 -80 -88 -33 -90 -100 -79 53 61 62 -91 -1 -17 41 -67 55 -37) -10
15
(42 -5 15 -72 89 -21 -51 46 -33 57 -52 -29 -71 6 81 -3 57 -1 91 96 -28 -28 -90 11 -43 67 82 40 89 84 -29 -58 -93 76 -79
 -55 -56 -3 32 -26 18 2 71 -39 -25 -19 -70 49 73 83 74 -95 -90 -20 74 39 79) -20

the most fit of the sample ...
93
(-91 66 -72 -8 -80 21 78 -68 -22 -55 -10 19 -14 -15 71 -90 -4 4 3 33 97 -84 -16 -2 -92 -63 -33 57 -2 53 87 20 -47 16
 -71 -37 -27 3 68 -41 56 -17 40 61 16 93 -60 37 -95 -82 11 -18 -60 58 97 71 68) 70

the sample of individuals ...
49
(16 -51 -34 -4 70 23 -20 5 9 -48 -30 60 -2 -49 -71 -81 -5 -59 55 -51 -60 -69 -66 12 43 2 12 70 33 58 -61 -83 -80 78 81
 45 -5 52 -1 81 -86 64 -68 -70 33 0 81 69 48 -73 12 -93 58 -92 16 -94 -40) 20
96
(-30 73 75 -60 98 -67 57 -45 -25 -73 -17 14 55 -7 -42 6 -6 -3 -66 -78 -66 -2 -24 -77 -46 67 -82 -48 -90 57 47 49 14 88
 -35 38 -83 -5 49 -49 78 -78 84 -77 67 -71 -98 20 -32 73 -79 7 79 -28 -4 -17 -61) 0
63
(-63 71 8 -45 -4 6 52 76 -40 1 -11 -85 34 -87 -43 6 84 -92 -91 8 61 34 -64 -7 85 -65 15 42 -12 -51 -10 -13 66 74 -44 54
 63 -68 85 -29 -30 -78 73 20 84 37 12 9 52 16 85 -28 -86 78 -62 -93 71) -40
44
(-8 -95 54 45 79 -21 -95 -22 76 71 74 57 70 -92 92 -56 -100 -48 -17 97 -35 -64 28 18 -48 -6 -69 45 -52 78 62 -80 -97 14
 45 76 72 92 -5 64 -16 82 69 85 90 -70 80 -70 73 -82 90 -41 17 -18 -98 -20 -6) 50
63
(-63 71 8 -45 -4 6 52 76 -40 1 -11 -85 34 -87 -43 6 84 -92 -91 8 61 34 -64 -7 85 -65 15 42 -12 -51 -10 -13 66 74 -44 54
 63 -68 85 -29 -30 -78 73 20 84 37 12 9 52 16 85 -28 -86 78 -62 -93 71) -40
31
(73 28 -40 -68 -73 48 55 -96 86 10 44 34 12 -22 73 89 4 -27 55 -15 91 21 33 31 59 -19 49 -56 74 63 -96 -87 82 24 -72
 -51 -71 17 -52 77 -96 -3 4 57 70 -41 -76 -86 76 84 -84 -30 -87 3 -1 -56 -75) -60
70
(-97 56 -67 81 -81 7 91 93 -87 -14 60 -31 32 48 50 40 -6 57 -46 -45 -85 -21 -4 -52 18 82 5 53 -39 18 23 -23 7 -3 55 -57
 56 17 -84 -12 -23 -47 92 31 -58 41 24 -67 -58 5 -43 -91 36 9 43 68 6) -20
16
(-26 82 -2 66 -87 -18 54 18 -6 45 49 -19 58 -83 62 -53 94 11 96 75 -73 61 -67 79 58 -37 -71 -59 63 -16 75 70 -36 43 -27
 -95 9 18 -18 -81 27 51 1 15 -13 -93 78 -79 -82 33 -50 -51 -27 26 57 83 -91) 60
42
(-61 59 -41 9 31 83 12 27 -29 -9 16 -70 -84 -23 47 71 29 -17 27 45 62 -77 -72 27 -30 66 63 -81 -9 22 -58 -97 -96 61 45
 -88 28 26 -87 -54 -19 -87 -78 56 92 30 6 -22 42 13 70 20 95 1 -90 -33 5) 0
17
(78 81 -46 14 -73 6 20 -26 -18 -61 30 -43 -49 54 90 96 -61 81 -65 -88 -37 5 30 -38 -15 84 84 -17 17 36 29 84 -62 -31 85
 41 -80 58 -97 -61 43 -87 16 4 -57 77 -93 64 -60 97 93 -79 5 -44 15 34 99) -50
24
(71 -3 6 15 -57 -26 -76 -32 -83 -39 40 14 25 25 -6 -87 58 -65 85 -32 -98 -90 -57 -4 -83 45 99 60 29 2 -79 -79 77 59 35
 26 45 -51 40 15 57 72 -5 -80 -28 47 66 77 33 -62 33 -11 34 -43 -65 -94 35) 10
50
(-94 -87 73 -59 39 10 -50 98 -72 -15 -63 -38 -55 -24 40 76 95 99 51 -74 17 -89 39 22 24 95 94 66 45 -17 -5 -89 -95 -52
 -80 99 84 -17 50 -35 9 -17 -47 90 62 -42 -5 -48 86 97 32 -43 -31 -53 -67 31 41) 0
95
(-5 -53 38 -99 -20 -52 -49 -91 92 -72 35 -40 57 -16 22 -33 70 -70 -40 -12 88 -18 -3 14 81 49 84 88 63 67 2 -88 -60 -5
 45 -77 -2 72 19 -75 -82 -73 11 -69 -53 -63 25 36 54 60 -83 -31 -3 -96 -38 50 74) 20
19
(-55 61 -10 82 -91 -4 -12 60 -59 -45 -1 -75 28 47 -78 31 8 -8 -42 -38 67 11 -52 -79 -39 -78 0 97 7 -87 26 -41 88 49 30
 -39 -88 95 27 -71 99 -60 -19 55 69 -84 85 -66 42 41 46 53 77 -64 -24 30 -37) 80
52
(69 72 42 -37 -100 -35 -61 -100 42 -46 -75 32 21 -65 85 -50 4 -17 -31 -8 -100 91 -37 4 -16 -83 -86 83 98 -1 10 -100 53
 4 81 80 -35 3 -29 -50 -36 49 -83 14 -91 -83 -85 80 66 36 12 -84 39 -91 99 -55 79) 80
24
(71 -3 6 15 -57 -26 -76 -32 -83 -39 40 14 25 25 -6 -87 58 -65 85 -32 -98 -90 -57 -4 -83 45 99 60 29 2 -79 -79 77 59 35
 26 45 -51 40 15 57 72 -5 -80 -28 47 66 77 33 -62 33 -11 34 -43 -65 -94 35) 10

the most fit of the sample ...
19
(-55 61 -10 82 -91 -4 -12 60 -59 -45 -1 -75 28 47 -78 31 8 -8 -42 -38 67 11 -52 -79 -39 -78 0 97 7 -87 26 -41 88 49 30
 -39 -88 95 27 -71 99 -60 -19 55 69 -84 85 -66 42 41 46 53 77 -64 -24 30 -37) 80

Selected mother =
93
(-91 66 -72 -8 -80 21 78 -68 -22 -55 -10 19 -14 -15 71 -90 -4 4 3 33 97 -84 -16 -2 -92 -63 -33 57 -2 53 87 20 -47 16
 -71 -37 -27 3 68 -41 56 -17 40 61 16 93 -60 37 -95 -82 11 -18 -60 58 97 71 68) 70
Selected father =
19
(-55 61 -10 82 -91 -4 -12 60 -59 -45 -1 -75 28 47 -78 31 8 -8 -42 -38 67 11 -52 -79 -39 -78 0 97 7 -87 26 -41 88 49 30
 -39 -88 95 27 -71 99 -60 -19 55 69 -84 85 -66 42 41 46 53 77 -64 -24 30 -37) 80
the crossover =
0
(-91 66 -72 -8 -80 21 78 -68 -22 -55 -10 19 -14 -15 71 -90 -4 -8 -42 -38 67 11 -52 -79 -39 -78 0 97 7 -87 87 20 -47 16
 -71 -37 -27 3 68 -41 56 -17 40 61 16 93 -60 37 -95 -82 11 -18 -60 58 97 71 68) 80
the possiblly mutated individual =
0
(-91 66 -72 -8 -80 21 78 -68 -22 -55 -10 19 -14 -15 71 -90 -4 -8 -42 -38 67 11 -52 -79 -39 -78 0 97 7 -87 87 20 -47 16
 -71 -37 -27 3 68 -41 56 -17 40 61 16 93 -60 37 -95 -82 11 -18 -60 58 97 71 68) 80
the renumbered individual =
5
(-91 66 -72 -8 -80 21 78 -68 -22 -55 -10 19 -14 -15 71 -90 -4 -8 -42 -38 67 11 -52 -79 -39 -78 0 97 7 -87 87 20 -47 16
 -71 -37 -27 3 68 -41 56 -17 40 61 16 93 -60 37 -95 -82 11 -18 -60 58 97 71 68) 80
-------------------------------------------------------------------------




Generation 1 population ...

1
(-66 -54 69 -97 99 -46 85 81 18 -98 82 -18 -71 -7 67 -19 -76 -7 -82 -71 57 -18 -87 52 -5 -16 70 -80 58 -80 96 78 -9 -67
 82 49 -63 54 -33 -55 55 71 37 -10 -63 24 15 22 8 -43 -97 80 21 -94 93 40 -74) 60
2
(69 72 42 -37 -100 -35 -61 -100 42 -46 -75 32 21 -65 85 -50 4 -17 -31 -8 -100 91 -37 4 -16 -83 -86 83 98 -1 10 -100 53
 4 81 80 -28 -19 -1 -64 -10 -45 -36 -81 19 -34 -42 -46 66 36 12 -84 39 -91 99 -55 79) -10
3
(-81 34 97 -30 56 50 69 10 -35 37 -63 -18 95 -20 92 -33 96 -39 32 75 57 60 33 97 21 61 -61 40 21 87 83 39 -91 -67 82 49
 -63 54 -33 -87 21 20 -48 -30 -56 -34 -42 -46 -25 -77 -32 -49 41 -9 -98 -27 -89) 40
4
(-81 34 97 -30 56 50 69 10 -35 37 -63 -18 95 -20 92 -33 96 -39 32 75 57 60 33 97 21 61 -61 40 21 87 83 39 -91 -23 -30
 92 -28 -19 -1 -64 -10 -45 -36 -81 19 -34 -42 -46 -25 -77 -32 -49 41 -9 -98 -27 -89) 80
5
(-91 66 -72 -8 -80 21 78 -68 -22 -55 -10 19 -14 -15 71 -90 -4 -8 -42 -38 67 11 -52 -79 -39 -78 0 97 7 -87 87 20 -47 16
 -71 -37 -27 3 68 -41 56 -17 40 61 16 93 -60 37 -95 -82 11 -18 -60 58 97 71 68) 80



-------------------------------------------------------------------------
the sample of individuals ...
22
(-17 -39 -63 -52 -65 -13 -98 -8 -60 -74 -88 -47 -2 9 81 -70 -58 -34 -43 -35 86 -7 -67 -92 77 86 54 72 -74 -6 -16 -100
 -72 54 66 48 37 17 2 57 -43 -75 72 -75 26 15 34 -30 -21 82 87 78 12 27 39 70 58) -10
18
(82 -71 -59 -31 47 -76 -34 -8 25 70 -9 43 -35 -32 -83 50 -98 -80 56 32 -52 -23 85 -17 -31 -56 -59 -71 -5 -9 -43 7 79 -4
 6 20 -30 89 21 -56 -8 60 -70 39 -16 30 -70 50 12 70 -89 75 43 -35 85 84 -72) -60
89
(70 -2 36 -42 -13 -36 44 -67 -86 44 77 57 95 20 -49 31 81 -25 -46 32 -83 -69 15 81 90 -76 51 74 52 -23 -47 -32 51 -92
 86 21 -85 -20 5 -59 -44 -68 98 74 65 -53 -31 -9 -21 20 -57 94 69 -90 70 -13 -64) 20
55
(98 -21 40 90 24 63 81 -80 -35 65 -15 -79 79 -96 -52 58 95 -78 48 -34 -52 14 -70 13 -24 -37 74 -72 63 25 -36 -24 61 -99
 -9 -33 54 0 63 -69 -90 71 45 -48 49 90 -28 -92 -46 22 52 11 -74 -11 -23 27 71) 30
33
(51 45 21 43 8 65 10 80 22 61 -70 -67 -14 -25 81 44 67 -31 84 57 53 19 -13 -34 64 63 -73 -58 48 -28 -64 78 -99 -83 84
 85 -29 -46 -99 81 -79 76 17 -29 -69 91 -22 8 -78 -54 93 64 -47 -25 61 -39 -16) 30
23
(-92 71 -15 34 19 48 44 -55 -39 -10 -98 -5 -26 43 -45 46 -70 51 59 -19 -45 96 -37 0 4 13 -71 49 -6 13 57 95 -25 36 -84
 -35 -79 11 -26 -39 -62 -26 38 -32 48 -81 -89 -2 -20 -6 -37 -24 -67 25 85 -99 -44) 0
91
(-61 -60 -85 -68 -98 -5 -15 -6 -66 0 -54 -31 -100 16 -60 68 -97 -77 92 0 -87 6 -94 18 -42 34 1 -72 2 -4 -85 -44 41 29
 -55 -34 -17 25 -75 97 -24 -94 82 -100 -10 -83 0 -80 -47 50 3 38 -56 -58 34 -7 43) 0
79
(-22 90 -57 -26 -83 -33 23 47 -68 -17 -34 85 -28 69 57 -41 89 -76 -25 -88 -17 -74 -28 -58 49 95 40 -52 28 -7 79 -70 3
 -65 33 50 59 20 17 -85 -42 36 24 -33 82 -97 -70 55 97 27 5 44 -88 -79 -65 45 34) 50
43
(-89 8 -43 91 57 -64 -57 28 -34 94 81 88 -97 -15 18 96 25 -39 23 -84 32 -38 -81 86 0 -35 70 -34 -28 81 20 -33 -15 -4 85
 -1 -46 -43 -55 40 76 -77 -21 35 1 13 4 -6 -41 -69 80 3 48 -23 94 42 81) 30
55
(98 -21 40 90 24 63 81 -80 -35 65 -15 -79 79 -96 -52 58 95 -78 48 -34 -52 14 -70 13 -24 -37 74 -72 63 25 -36 -24 61 -99
 -9 -33 54 0 63 -69 -90 71 45 -48 49 90 -28 -92 -46 22 52 11 -74 -11 -23 27 71) 30
44
(-8 -95 54 45 79 -21 -95 -22 76 71 74 57 70 -92 92 -56 -100 -48 -17 97 -35 -64 28 18 -48 -6 -69 45 -52 78 62 -80 -97 14
 45 76 72 92 -5 64 -16 82 69 85 90 -70 80 -70 73 -82 90 -41 17 -18 -98 -20 -6) 50
73
(58 -36 1 -10 -54 -70 78 -66 -47 18 94 -84 -21 58 30 13 -98 13 -94 -7 -17 18 -76 85 46 93 75 18 -26 52 79 -35 33 1 0 38
 -32 -19 -2 -20 13 17 64 -26 -13 -100 -88 50 10 90 59 -65 6 -55 84 92 22) -50
47
(57 -70 56 -83 74 -95 55 -60 56 68 -34 -54 58 -66 58 -68 -32 -14 50 -26 81 -39 42 54 -2 -23 58 24 -58 -6 -34 -22 74 -70
 30 -17 57 -16 94 46 -37 67 21 74 -48 -94 7 26 56 91 -27 57 98 86 50 -28 80) 10
94
(83 -72 77 72 1 -9 58 6 37 -48 34 -3 17 55 6 40 -4 -32 -86 -65 81 -80 -31 0 47 48 78 24 88 -89 51 60 20 -1 -35 85 -83
 29 -21 93 -38 92 28 -58 39 -23 56 -62 1 -98 44 73 -11 1 40 -80 16) 10
51
(16 -69 83 45 52 -72 80 -96 92 83 43 16 50 -79 -61 50 -45 -51 44 10 34 73 -82 21 -84 89 69 50 76 -65 17 -54 47 -35 -34
 -35 71 72 -61 -97 -78 -55 20 -35 -94 37 34 98 -91 20 80 14 76 -68 -58 -12 -99) 20
21
(-61 97 -54 -51 61 14 -57 -15 -71 19 -73 67 96 -13 -24 75 46 83 52 -82 98 71 1 -75 65 69 9 44 -70 -14 98 -3 41 -78 13
 -43 22 -5 -71 51 77 -63 -81 -2 6 81 -2 30 44 -48 86 48 -40 59 87 -19 -3) 10

the most fit of the sample ...
79
(-22 90 -57 -26 -83 -33 23 47 -68 -17 -34 85 -28 69 57 -41 89 -76 -25 -88 -17 -74 -28 -58 49 95 40 -52 28 -7 79 -70 3
 -65 33 50 59 20 17 -85 -42 36 24 -33 82 -97 -70 55 97 27 5 44 -88 -79 -65 45 34) 50

the sample of individuals ...
64
(-38 41 -77 -55 7 -42 89 -31 -24 -15 -31 71 22 -33 34 3 -97 47 -66 75 -100 61 4 58 -24 -24 -33 -3 -82 -27 -58 6 25 -28
 -12 -77 67 -24 -48 38 97 -71 -20 29 92 -53 -88 17 16 -97 62 -56 38 -1 86 -91 -84) 0
91
(-61 -60 -85 -68 -98 -5 -15 -6 -66 0 -54 -31 -100 16 -60 68 -97 -77 92 0 -87 6 -94 18 -42 34 1 -72 2 -4 -85 -44 41 29
 -55 -34 -17 25 -75 97 -24 -94 82 -100 -10 -83 0 -80 -47 50 3 38 -56 -58 34 -7 43) 0
97
(99 58 0 71 82 75 62 63 40 88 -90 -13 66 9 -79 -95 63 24 55 58 -45 46 -97 42 14 -37 -54 67 12 48 -32 -8 -75 15 22 68
 -12 94 -80 59 58 66 83 -91 -45 -23 -55 80 -19 -83 -88 -83 -82 -11 -15 64 -83) 20
38
(-59 27 18 -10 -94 -96 57 -6 3 43 93 -51 49 73 -41 14 -69 92 -93 2 -18 -15 -21 79 71 27 -4 11 -7 7 61 36 -69 88 -35 64
 65 11 12 -68 -23 34 -33 -56 -59 -85 -65 -89 -99 0 -56 9 20 -66 -100 -54 24) -10
66
(-17 12 23 25 -78 62 14 50 -66 -16 12 9 -100 -2 -84 -9 69 93 -32 -81 -54 46 13 -79 -13 17 -20 74 -86 -50 -31 -23 -57 11
 -51 9 67 66 -83 -29 -80 58 91 -77 37 12 -62 -15 77 -50 12 -8 63 -78 6 -48 5) -10
32
(-6 -74 -81 7 -69 -4 6 -14 -72 -78 -97 -78 -11 83 26 -39 -3 -74 -39 -90 25 41 -5 -86 -18 10 -53 -76 -27 71 -31 -84 52
 77 14 -70 34 -38 66 -25 92 38 -48 -88 21 27 70 47 64 82 8 -36 -26 8 36 86 36) -10
31
(73 28 -40 -68 -73 48 55 -96 86 10 44 34 12 -22 73 89 4 -27 55 -15 91 21 33 31 59 -19 49 -56 74 63 -96 -87 82 24 -72
 -51 -71 17 -52 77 -96 -3 4 57 70 -41 -76 -86 76 84 -84 -30 -87 3 -1 -56 -75) -60
71
(-57 -65 64 23 -18 99 54 -73 0 -13 78 -80 73 73 4 24 53 -96 -25 20 -39 42 -52 -15 -98 51 82 99 67 14 93 -47 90 -67 5
 -51 80 -77 -34 70 -8 20 -72 -65 15 33 -34 -96 87 15 89 98 30 95 -28 -51 -10) 20
44
(-8 -95 54 45 79 -21 -95 -22 76 71 74 57 70 -92 92 -56 -100 -48 -17 97 -35 -64 28 18 -48 -6 -69 45 -52 78 62 -80 -97 14
 45 76 72 92 -5 64 -16 82 69 85 90 -70 80 -70 73 -82 90 -41 17 -18 -98 -20 -6) 50
38
(-59 27 18 -10 -94 -96 57 -6 3 43 93 -51 49 73 -41 14 -69 92 -93 2 -18 -15 -21 79 71 27 -4 11 -7 7 61 36 -69 88 -35 64
 65 11 12 -68 -23 34 -33 -56 -59 -85 -65 -89 -99 0 -56 9 20 -66 -100 -54 24) -10
50
(-94 -87 73 -59 39 10 -50 98 -72 -15 -63 -38 -55 -24 40 76 95 99 51 -74 17 -89 39 22 24 95 94 66 45 -17 -5 -89 -95 -52
 -80 99 84 -17 50 -35 9 -17 -47 90 62 -42 -5 -48 86 97 32 -43 -31 -53 -67 31 41) 0
93
(-91 66 -72 -8 -80 21 78 -68 -22 -55 -10 19 -14 -15 71 -90 -4 4 3 33 97 -84 -16 -2 -92 -63 -33 57 -2 53 87 20 -47 16
 -71 -37 -27 3 68 -41 56 -17 40 61 16 93 -60 37 -95 -82 11 -18 -60 58 97 71 68) 70
54
(-37 -91 9 48 -6 -99 72 -55 36 77 -93 -82 76 -37 -4 -38 -81 98 -1 79 42 47 -99 39 -93 -20 -52 -38 44 87 -86 -66 46 -6
 -89 -40 58 99 34 37 7 -53 25 14 41 -55 67 -99 62 -98 -97 3 73 24 54 84 -54) 0
83
(-55 -55 53 -60 -99 -13 58 15 -67 -30 28 40 -55 52 2 -56 72 90 48 -26 -37 16 -26 22 1 71 80 54 75 52 -10 -71 -64 -47
 -68 -66 8 81 -31 -56 19 86 -79 -58 89 85 85 90 57 -65 -16 -28 5 -40 -78 -34 -22) 20
60
(32 68 75 61 75 13 -99 57 94 -21 -91 -46 20 79 6 47 87 68 -58 49 -61 57 1 -9 -6 -60 -100 74 -33 51 -52 -87 -67 -29 -41
 12 8 68 8 27 8 -39 -42 -82 -76 -14 -21 -28 -22 -53 -10 -41 -78 69 67 -52 34) 0
57
(41 -52 -54 94 -53 -1 -49 -66 -8 -76 23 68 -60 2 81 5 -50 -92 -92 -79 -37 49 58 71 -87 43 -71 -2 -49 98 -14 91 66 88 60
 80 63 -44 -96 97 21 -78 -27 -98 -30 0 -77 14 -20 88 74 81 -9 -46 90 -45 -68) -50

the most fit of the sample ...
93
(-91 66 -72 -8 -80 21 78 -68 -22 -55 -10 19 -14 -15 71 -90 -4 4 3 33 97 -84 -16 -2 -92 -63 -33 57 -2 53 87 20 -47 16
 -71 -37 -27 3 68 -41 56 -17 40 61 16 93 -60 37 -95 -82 11 -18 -60 58 97 71 68) 70

Selected mother =
79
(-22 90 -57 -26 -83 -33 23 47 -68 -17 -34 85 -28 69 57 -41 89 -76 -25 -88 -17 -74 -28 -58 49 95 40 -52 28 -7 79 -70 3
 -65 33 50 59 20 17 -85 -42 36 24 -33 82 -97 -70 55 97 27 5 44 -88 -79 -65 45 34) 50
Selected father =
93
(-91 66 -72 -8 -80 21 78 -68 -22 -55 -10 19 -14 -15 71 -90 -4 4 3 33 97 -84 -16 -2 -92 -63 -33 57 -2 53 87 20 -47 16
 -71 -37 -27 3 68 -41 56 -17 40 61 16 93 -60 37 -95 -82 11 -18 -60 58 97 71 68) 70
the crossover =
0
(-22 90 -57 -26 -83 -33 23 47 -68 -17 -34 85 -28 69 57 -41 89 -76 -25 -88 -17 -74 -28 -58 49 95 40 -52 28 -7 79 -70 3
 -65 33 50 59 20 17 -85 -42 36 24 -33 82 -97 -70 55 97 27 5 44 -88 58 97 45 34) 50
the possiblly mutated individual =
0
(-22 90 -57 -26 -83 -33 23 47 -68 -17 -34 85 -28 69 57 -41 89 -76 -25 -88 -17 -74 -28 -58 49 95 40 -52 28 -7 79 -70 3
 -65 33 50 59 20 17 -85 -42 36 24 -33 82 -97 -70 55 97 27 5 44 -88 58 97 45 34) 50
the renumbered individual =
6
(-22 90 -57 -26 -83 -33 23 47 -68 -17 -34 85 -28 69 57 -41 89 -76 -25 -88 -17 -74 -28 -58 49 95 40 -52 28 -7 79 -70 3
 -65 33 50 59 20 17 -85 -42 36 24 -33 82 -97 -70 55 97 27 5 44 -88 58 97 45 34) 50
-------------------------------------------------------------------------




Generation 1 population ...

1
(-66 -54 69 -97 99 -46 85 81 18 -98 82 -18 -71 -7 67 -19 -76 -7 -82 -71 57 -18 -87 52 -5 -16 70 -80 58 -80 96 78 -9 -67
 82 49 -63 54 -33 -55 55 71 37 -10 -63 24 15 22 8 -43 -97 80 21 -94 93 40 -74) 60
2
(69 72 42 -37 -100 -35 -61 -100 42 -46 -75 32 21 -65 85 -50 4 -17 -31 -8 -100 91 -37 4 -16 -83 -86 83 98 -1 10 -100 53
 4 81 80 -28 -19 -1 -64 -10 -45 -36 -81 19 -34 -42 -46 66 36 12 -84 39 -91 99 -55 79) -10
3
(-81 34 97 -30 56 50 69 10 -35 37 -63 -18 95 -20 92 -33 96 -39 32 75 57 60 33 97 21 61 -61 40 21 87 83 39 -91 -67 82 49
 -63 54 -33 -87 21 20 -48 -30 -56 -34 -42 -46 -25 -77 -32 -49 41 -9 -98 -27 -89) 40
4
(-81 34 97 -30 56 50 69 10 -35 37 -63 -18 95 -20 92 -33 96 -39 32 75 57 60 33 97 21 61 -61 40 21 87 83 39 -91 -23 -30
 92 -28 -19 -1 -64 -10 -45 -36 -81 19 -34 -42 -46 -25 -77 -32 -49 41 -9 -98 -27 -89) 80
5
(-91 66 -72 -8 -80 21 78 -68 -22 -55 -10 19 -14 -15 71 -90 -4 -8 -42 -38 67 11 -52 -79 -39 -78 0 97 7 -87 87 20 -47 16
 -71 -37 -27 3 68 -41 56 -17 40 61 16 93 -60 37 -95 -82 11 -18 -60 58 97 71 68) 80
6
(-22 90 -57 -26 -83 -33 23 47 -68 -17 -34 85 -28 69 57 -41 89 -76 -25 -88 -17 -74 -28 -58 49 95 40 -52 28 -7 79 -70 3
 -65 33 50 59 20 17 -85 -42 36 24 -33 82 -97 -70 55 97 27 5 44 -88 58 97 45 34) 50



-------------------------------------------------------------------------
the sample of individuals ...
11
(-32 80 0 -3 48 -48 96 -77 -21 -55 -47 -75 -60 22 -46 -43 -49 73 96 -31 39 -9 34 29 -62 97 -84 -97 81 -77 -66 -29 35
 -66 -100 -33 -47 -89 -34 78 42 -80 -88 -33 -90 -100 -79 53 61 62 -91 -1 -17 41 -67 55 -37) -10
3
(-97 12 68 1 -52 -31 -73 8 -71 -33 28 -98 -70 82 -60 78 -52 -45 43 87 -47 -17 56 84 80 -1 32 -68 57 -9 -70 -15 -29 65
 82 -29 63 1 24 44 -84 -15 40 -77 -5 29 74 84 74 -26 -95 -92 68 -15 -50 -80 -43) -40
82
(-18 -54 69 -97 99 -46 85 81 18 -98 82 -18 -71 -7 -62 -19 -76 -7 -82 -71 57 -18 -87 52 -5 -16 70 -80 58 -80 96 78 -9
 -67 82 49 -63 54 -33 -87 21 20 -48 -30 -56 -33 3 -91 53 -90 -40 -52 84 -54 -35 64 -50) 80
93
(-91 66 -72 -8 -80 21 78 -68 -22 -55 -10 19 -14 -15 71 -90 -4 4 3 33 97 -84 -16 -2 -92 -63 -33 57 -2 53 87 20 -47 16
 -71 -37 -27 3 68 -41 56 -17 40 61 16 93 -60 37 -95 -82 11 -18 -60 58 97 71 68) 70
53
(85 -58 -23 52 18 -16 -95 41 -71 -79 27 -86 -46 -85 -10 -56 -31 21 -46 57 -27 49 -49 43 -21 88 78 6 -22 -61 44 65 94 1
 -52 -78 31 -90 43 41 -7 -16 -12 3 52 -21 83 -87 19 76 -60 24 63 7 -92 -63 -29) -50
51
(16 -69 83 45 52 -72 80 -96 92 83 43 16 50 -79 -61 50 -45 -51 44 10 34 73 -82 21 -84 89 69 50 76 -65 17 -54 47 -35 -34
 -35 71 72 -61 -97 -78 -55 20 -35 -94 37 34 98 -91 20 80 14 76 -68 -58 -12 -99) 20
14
(-68 83 -77 -60 -20 -58 -12 -37 -52 -47 -85 -78 22 74 -71 -60 -6 27 -79 64 2 -23 38 12 -35 78 -3 -49 -49 8 -3 28 -3 -78
 -36 11 92 -55 19 25 -39 -18 71 38 -73 -48 25 84 46 -15 4 -92 73 94 -5 -37 -26) 0
37
(65 -82 95 -45 -82 -1 -10 57 -8 -97 -75 -100 -94 32 96 52 53 -14 -71 94 66 -17 71 20 -83 -25 19 -6 14 -4 -4 33 33 -100
 -46 -82 -3 -60 -59 82 86 1 13 26 -83 -73 65 70 21 85 -5 -29 78 20 -40 -85 36) -20
41
(-93 92 -36 22 -91 27 58 -37 70 -69 -3 7 -14 77 -48 -50 -7 -60 -31 26 96 -74 9 47 28 6 -98 -19 52 -13 18 -29 6 -80 -77
 -31 -17 11 -61 -61 22 16 -97 75 86 22 83 69 -31 -41 50 -13 -86 -54 -32 0 1) 50
93
(-91 66 -72 -8 -80 21 78 -68 -22 -55 -10 19 -14 -15 71 -90 -4 4 3 33 97 -84 -16 -2 -92 -63 -33 57 -2 53 87 20 -47 16
 -71 -37 -27 3 68 -41 56 -17 40 61 16 93 -60 37 -95 -82 11 -18 -60 58 97 71 68) 70
61
(98 17 -42 73 -13 89 -95 -97 -92 -21 1 -88 -84 -22 -37 71 -56 -19 8 -81 95 95 64 -78 21 86 43 -44 -30 30 87 62 58 68 55
 -10 -67 -67 -24 -36 94 87 -84 -68 -34 -11 -56 73 49 53 -48 -34 -75 83 -15 45 48) 10
60
(32 68 75 61 75 13 -99 57 94 -21 -91 -46 20 79 6 47 87 68 -58 49 -61 57 1 -9 -6 -60 -100 74 -33 51 -52 -87 -67 -29 -41
 12 8 68 8 27 8 -39 -42 -82 -76 -14 -21 -28 -22 -53 -10 -41 -78 69 67 -52 34) 0
100
(19 -56 13 -46 58 17 67 6 -65 93 57 -24 -42 99 -53 -34 96 46 -17 -53 -38 16 80 28 -98 -69 -91 -77 -80 -56 33 -90 80 18
 -69 -25 44 41 78 -28 44 65 -8 -98 -34 -45 -4 43 3 81 73 94 -10 -4 -61 -99 98) 40
88
(7 5 -76 98 -45 96 69 -51 35 -53 -29 -15 -24 -23 44 49 55 27 76 -53 32 43 74 64 -87 99 -48 -1 98 -50 -59 49 -24 11 12
 45 -76 -9 -99 -77 27 41 33 43 -34 -26 -40 -51 -78 61 -44 -40 71 -21 45 -42 -69) -40
18
(82 -71 -59 -31 47 -76 -34 -8 25 70 -9 43 -35 -32 -83 50 -98 -80 56 32 -52 -23 85 -17 -31 -56 -59 -71 -5 -9 -43 7 79 -4
 6 20 -30 89 21 -56 -8 60 -70 39 -16 30 -70 50 12 70 -89 75 43 -35 85 84 -72) -60
45
(-81 34 97 -30 56 50 69 10 -35 37 -63 -18 95 -20 92 -33 96 -39 32 75 57 60 33 97 21 61 -61 40 21 87 83 39 -91 -23 -30
 92 -28 -19 -1 -64 -10 -45 -36 -81 19 -34 -42 -46 -25 -77 -32 -49 41 -9 -98 -27 -89) 80

the most fit of the sample ...
82
(-18 -54 69 -97 99 -46 85 81 18 -98 82 -18 -71 -7 -62 -19 -76 -7 -82 -71 57 -18 -87 52 -5 -16 70 -80 58 -80 96 78 -9
 -67 82 49 -63 54 -33 -87 21 20 -48 -30 -56 -33 3 -91 53 -90 -40 -52 84 -54 -35 64 -50) 80

the sample of individuals ...
64
(-38 41 -77 -55 7 -42 89 -31 -24 -15 -31 71 22 -33 34 3 -97 47 -66 75 -100 61 4 58 -24 -24 -33 -3 -82 -27 -58 6 25 -28
 -12 -77 67 -24 -48 38 97 -71 -20 29 92 -53 -88 17 16 -97 62 -56 38 -1 86 -91 -84) 0
41
(-93 92 -36 22 -91 27 58 -37 70 -69 -3 7 -14 77 -48 -50 -7 -60 -31 26 96 -74 9 47 28 6 -98 -19 52 -13 18 -29 6 -80 -77
 -31 -17 11 -61 -61 22 16 -97 75 86 22 83 69 -31 -41 50 -13 -86 -54 -32 0 1) 50
4
(-10 84 -35 -64 -52 -100 55 -77 2 25 92 -56 53 91 16 92 79 77 -95 97 28 73 -38 -10 -100 49 34 -84 38 6 52 0 -38 -61 14
 78 -12 -32 -4 -30 -66 -22 29 -57 -99 -97 -85 -86 -16 -43 86 -82 -2 26 -1 71 87) -10
30
(61 49 46 8 -62 33 -54 -25 86 5 -76 58 -99 -47 -5 19 44 -39 38 99 -64 -30 -76 -43 30 29 -29 10 -6 66 27 -20 34 -71 42
 -75 -54 -80 -64 -73 -8 -14 -37 -77 47 -53 -14 -75 -66 -65 68 45 32 -85 -40 6 -92) 0
54
(-37 -91 9 48 -6 -99 72 -55 36 77 -93 -82 76 -37 -4 -38 -81 98 -1 79 42 47 -99 39 -93 -20 -52 -38 44 87 -86 -66 46 -6
 -89 -40 58 99 34 37 7 -53 25 14 41 -55 67 -99 62 -98 -97 3 73 24 54 84 -54) 0
61
(98 17 -42 73 -13 89 -95 -97 -92 -21 1 -88 -84 -22 -37 71 -56 -19 8 -81 95 95 64 -78 21 86 43 -44 -30 30 87 62 58 68 55
 -10 -67 -67 -24 -36 94 87 -84 -68 -34 -11 -56 73 49 53 -48 -34 -75 83 -15 45 48) 10
4
(-10 84 -35 -64 -52 -100 55 -77 2 25 92 -56 53 91 16 92 79 77 -95 97 28 73 -38 -10 -100 49 34 -84 38 6 52 0 -38 -61 14
 78 -12 -32 -4 -30 -66 -22 29 -57 -99 -97 -85 -86 -16 -43 86 -82 -2 26 -1 71 87) -10
26
(18 82 84 -70 -58 15 -37 -3 82 -67 98 90 -100 -52 20 -23 -40 13 -92 -35 19 87 -18 -26 49 97 98 58 -47 -11 -18 -34 -18
 -95 19 -65 54 -58 85 -18 36 83 -3 -42 -40 97 57 -50 -76 -98 33 67 -42 -27 1 84 -13) 30
38
(-59 27 18 -10 -94 -96 57 -6 3 43 93 -51 49 73 -41 14 -69 92 -93 2 -18 -15 -21 79 71 27 -4 11 -7 7 61 36 -69 88 -35 64
 65 11 12 -68 -23 34 -33 -56 -59 -85 -65 -89 -99 0 -56 9 20 -66 -100 -54 24) -10
94
(83 -72 77 72 1 -9 58 6 37 -48 34 -3 17 55 6 40 -4 -32 -86 -65 81 -80 -31 0 47 48 78 24 88 -89 51 60 20 -1 -35 85 -83
 29 -21 93 -38 92 28 -58 39 -23 56 -62 1 -98 44 73 -11 1 40 -80 16) 10
66
(-17 12 23 25 -78 62 14 50 -66 -16 12 9 -100 -2 -84 -9 69 93 -32 -81 -54 46 13 -79 -13 17 -20 74 -86 -50 -31 -23 -57 11
 -51 9 67 66 -83 -29 -80 58 91 -77 37 12 -62 -15 77 -50 12 -8 63 -78 6 -48 5) -10
62
(-58 -92 34 -39 40 55 22 36 -16 45 47 88 -87 -85 -3 -5 82 28 28 50 71 -20 71 -5 -27 -82 41 -2 23 -64 43 53 5 83 -12 -70
 50 14 -78 39 -29 -78 -100 6 85 -19 -15 81 -90 -46 24 72 -56 93 -96 -32 68) 20
37
(65 -82 95 -45 -82 -1 -10 57 -8 -97 -75 -100 -94 32 96 52 53 -14 -71 94 66 -17 71 20 -83 -25 19 -6 14 -4 -4 33 33 -100
 -46 -82 -3 -60 -59 82 86 1 13 26 -83 -73 65 70 21 85 -5 -29 78 20 -40 -85 36) -20
56
(-53 -6 -89 -36 49 84 -66 6 -52 63 43 83 -35 54 -27 -44 72 34 46 -88 95 -98 38 -15 79 -47 -72 -3 48 41 41 -4 -66 28 -26
 -50 -52 -57 -12 20 62 -62 -96 12 -27 -80 47 48 -58 -95 85 -50 9 97 0 47 11) 40
62
(-58 -92 34 -39 40 55 22 36 -16 45 47 88 -87 -85 -3 -5 82 28 28 50 71 -20 71 -5 -27 -82 41 -2 23 -64 43 53 5 83 -12 -70
 50 14 -78 39 -29 -78 -100 6 85 -19 -15 81 -90 -46 24 72 -56 93 -96 -32 68) 20
36
(-93 42 -31 -27 -37 96 -14 93 -36 -22 -75 30 8 -88 -67 62 42 61 98 -11 14 -77 13 -68 -67 -68 -41 -62 84 -47 -94 -26 -28
 85 -20 42 2 32 65 -37 -74 30 -8 -19 -35 -96 -54 -69 17 56 -64 25 14 47 53 -99 -19) 0

the most fit of the sample ...
41
(-93 92 -36 22 -91 27 58 -37 70 -69 -3 7 -14 77 -48 -50 -7 -60 -31 26 96 -74 9 47 28 6 -98 -19 52 -13 18 -29 6 -80 -77
 -31 -17 11 -61 -61 22 16 -97 75 86 22 83 69 -31 -41 50 -13 -86 -54 -32 0 1) 50

Selected mother =
82
(-18 -54 69 -97 99 -46 85 81 18 -98 82 -18 -71 -7 -62 -19 -76 -7 -82 -71 57 -18 -87 52 -5 -16 70 -80 58 -80 96 78 -9
 -67 82 49 -63 54 -33 -87 21 20 -48 -30 -56 -33 3 -91 53 -90 -40 -52 84 -54 -35 64 -50) 80
Selected father =
41
(-93 92 -36 22 -91 27 58 -37 70 -69 -3 7 -14 77 -48 -50 -7 -60 -31 26 96 -74 9 47 28 6 -98 -19 52 -13 18 -29 6 -80 -77
 -31 -17 11 -61 -61 22 16 -97 75 86 22 83 69 -31 -41 50 -13 -86 -54 -32 0 1) 50
the crossover =
0
(-93 92 -36 22 -91 27 58 -37 70 -69 -3 7 -14 77 -48 -50 -7 -60 -31 26 96 -74 9 47 28 6 -98 -19 52 -13 18 -29 6 -80 -77
 -31 -17 11 -61 -61 22 16 -97 75 86 22 83 69 -31 -90 -40 -52 84 -54 -35 0 1) 50
the possiblly mutated individual =
0
(-93 92 -36 22 -91 27 58 -37 70 -69 -3 7 -14 77 -48 -50 -7 -60 -31 26 96 -74 9 47 28 6 -98 -19 52 -13 18 -29 6 -80 -77
 -31 -17 11 -61 -61 22 16 -97 75 86 22 83 69 -31 -90 -40 -52 84 -54 -35 0 1) 50
the renumbered individual =
7
(-93 92 -36 22 -91 27 58 -37 70 -69 -3 7 -14 77 -48 -50 -7 -60 -31 26 96 -74 9 47 28 6 -98 -19 52 -13 18 -29 6 -80 -77
 -31 -17 11 -61 -61 22 16 -97 75 86 22 83 69 -31 -90 -40 -52 84 -54 -35 0 1) 50
-------------------------------------------------------------------------




Generation 1 population ...

1
(-66 -54 69 -97 99 -46 85 81 18 -98 82 -18 -71 -7 67 -19 -76 -7 -82 -71 57 -18 -87 52 -5 -16 70 -80 58 -80 96 78 -9 -67
 82 49 -63 54 -33 -55 55 71 37 -10 -63 24 15 22 8 -43 -97 80 21 -94 93 40 -74) 60
2
(69 72 42 -37 -100 -35 -61 -100 42 -46 -75 32 21 -65 85 -50 4 -17 -31 -8 -100 91 -37 4 -16 -83 -86 83 98 -1 10 -100 53
 4 81 80 -28 -19 -1 -64 -10 -45 -36 -81 19 -34 -42 -46 66 36 12 -84 39 -91 99 -55 79) -10
3
(-81 34 97 -30 56 50 69 10 -35 37 -63 -18 95 -20 92 -33 96 -39 32 75 57 60 33 97 21 61 -61 40 21 87 83 39 -91 -67 82 49
 -63 54 -33 -87 21 20 -48 -30 -56 -34 -42 -46 -25 -77 -32 -49 41 -9 -98 -27 -89) 40
4
(-81 34 97 -30 56 50 69 10 -35 37 -63 -18 95 -20 92 -33 96 -39 32 75 57 60 33 97 21 61 -61 40 21 87 83 39 -91 -23 -30
 92 -28 -19 -1 -64 -10 -45 -36 -81 19 -34 -42 -46 -25 -77 -32 -49 41 -9 -98 -27 -89) 80
5
(-91 66 -72 -8 -80 21 78 -68 -22 -55 -10 19 -14 -15 71 -90 -4 -8 -42 -38 67 11 -52 -79 -39 -78 0 97 7 -87 87 20 -47 16
 -71 -37 -27 3 68 -41 56 -17 40 61 16 93 -60 37 -95 -82 11 -18 -60 58 97 71 68) 80
6
(-22 90 -57 -26 -83 -33 23 47 -68 -17 -34 85 -28 69 57 -41 89 -76 -25 -88 -17 -74 -28 -58 49 95 40 -52 28 -7 79 -70 3
 -65 33 50 59 20 17 -85 -42 36 24 -33 82 -97 -70 55 97 27 5 44 -88 58 97 45 34) 50
7
(-93 92 -36 22 -91 27 58 -37 70 -69 -3 7 -14 77 -48 -50 -7 -60 -31 26 96 -74 9 47 28 6 -98 -19 52 -13 18 -29 6 -80 -77
 -31 -17 11 -61 -61 22 16 -97 75 86 22 83 69 -31 -90 -40 -52 84 -54 -35 0 1) 50



-------------------------------------------------------------------------
the sample of individuals ...
85
(44 79 -95 84 61 -98 45 -87 40 -86 17 -63 75 55 -2 -27 90 42 91 -53 -82 88 -1 -78 -37 -2 -36 32 32 48 24 -51 -71 52 -52
 -65 -26 30 39 94 -45 99 -86 -1 32 48 19 -52 40 51 84 56 76 -1 36 -51 -17) 40
63
(-63 71 8 -45 -4 6 52 76 -40 1 -11 -85 34 -87 -43 6 84 -92 -91 8 61 34 -64 -7 85 -65 15 42 -12 -51 -10 -13 66 74 -44 54
 63 -68 85 -29 -30 -78 73 20 84 37 12 9 52 16 85 -28 -86 78 -62 -93 71) -40
98
(5 -94 27 54 51 -2 17 48 11 -62 69 49 -62 57 -45 62 52 23 -53 77 -72 -41 43 46 -23 47 92 -29 85 24 90 -42 7 -79 22 -87
 -65 67 -58 -58 14 60 -86 71 45 -81 94 -60 -26 64 37 42 -25 10 34 16 12) 60
56
(-53 -6 -89 -36 49 84 -66 6 -52 63 43 83 -35 54 -27 -44 72 34 46 -88 95 -98 38 -15 79 -47 -72 -3 48 41 41 -4 -66 28 -26
 -50 -52 -57 -12 20 62 -62 -96 12 -27 -80 47 48 -58 -95 85 -50 9 97 0 47 11) 40
91
(-61 -60 -85 -68 -98 -5 -15 -6 -66 0 -54 -31 -100 16 -60 68 -97 -77 92 0 -87 6 -94 18 -42 34 1 -72 2 -4 -85 -44 41 29
 -55 -34 -17 25 -75 97 -24 -94 82 -100 -10 -83 0 -80 -47 50 3 38 -56 -58 34 -7 43) 0
68
(95 78 25 -53 -77 -14 -32 40 93 41 -87 6 35 -46 78 -79 77 75 -18 -29 -8 82 85 67 -2 -19 -80 -87 50 89 28 45 -74 -68 46
 15 39 69 -63 -41 -11 41 62 44 14 -82 21 23 -70 66 -9 -25 -42 59 94 -4 76) 40
5
(-37 -9 -31 96 -1 -89 -95 -63 59 -17 -79 -95 6 -86 -90 -34 68 86 -85 48 -43 63 -66 45 -42 18 -56 -36 -19 92 7 -43 14 75
 93 85 -54 10 -40 -60 93 -64 -22 49 -82 87 -88 -70 41 -49 62 47 14 -22 95 -18 -72) -10
52
(69 72 42 -37 -100 -35 -61 -100 42 -46 -75 32 21 -65 85 -50 4 -17 -31 -8 -100 91 -37 4 -16 -83 -86 83 98 -1 10 -100 53
 4 81 80 -35 3 -29 -50 -36 49 -83 14 -91 -83 -85 80 66 36 12 -84 39 -91 99 -55 79) 80
92
(-78 -6 30 51 -29 59 -47 -91 -55 8 73 -35 19 98 -8 -81 32 36 -50 22 37 77 -3 48 -4 -85 77 -3 9 -100 55 13 29 -35 -52 1
 13 38 -19 -65 -38 42 26 25 -88 -87 -58 37 9 -89 -40 -44 -31 29 -23 -36 -62) 60
66
(-17 12 23 25 -78 62 14 50 -66 -16 12 9 -100 -2 -84 -9 69 93 -32 -81 -54 46 13 -79 -13 17 -20 74 -86 -50 -31 -23 -57 11
 -51 9 67 66 -83 -29 -80 58 91 -77 37 12 -62 -15 77 -50 12 -8 63 -78 6 -48 5) -10
35
(42 -94 -42 -90 -86 -63 4 -14 19 71 20 -21 15 97 -10 70 58 0 -18 -87 0 25 27 -17 94 61 -54 -42 93 41 -22 2 12 -75 -33
 58 37 95 41 71 -74 87 -60 59 31 -62 16 -18 -56 -87 -96 64 -54 -71 -35 -28 19) 20
64
(-38 41 -77 -55 7 -42 89 -31 -24 -15 -31 71 22 -33 34 3 -97 47 -66 75 -100 61 4 58 -24 -24 -33 -3 -82 -27 -58 6 25 -28
 -12 -77 67 -24 -48 38 97 -71 -20 29 92 -53 -88 17 16 -97 62 -56 38 -1 86 -91 -84) 0
34
(-11 -88 75 67 92 -33 -29 81 -10 -24 90 63 74 5 -75 -59 74 -27 -59 -98 -25 -96 -81 19 -30 60 59 47 67 85 23 -15 36 -25
 75 -41 36 44 60 -57 -74 -46 -77 -66 65 84 53 -45 17 -90 -61 -85 27 -52 2 -50 -86) 10
84
(57 86 -9 66 -81 -42 75 -92 92 20 -8 -7 -13 9 88 54 -17 -88 75 -89 -22 -63 4 -80 56 -47 -15 -44 -68 63 -66 40 -89 22
 -47 -25 86 47 -83 22 51 -26 -55 87 17 11 -88 -8 26 -79 1 34 19 24 30 29 69) 0
31
(73 28 -40 -68 -73 48 55 -96 86 10 44 34 12 -22 73 89 4 -27 55 -15 91 21 33 31 59 -19 49 -56 74 63 -96 -87 82 24 -72
 -51 -71 17 -52 77 -96 -3 4 57 70 -41 -76 -86 76 84 -84 -30 -87 3 -1 -56 -75) -60
2
(63 -19 -66 10 2 -14 79 6 25 98 40 36 99 -34 46 -23 -29 86 58 76 56 -5 81 98 52 -78 75 -31 95 38 -19 -1 83 -28 89 -78
 64 79 43 -32 -8 52 52 -50 -47 -35 81 -76 0 56 -53 53 -30 -41 -74 -15 19) 10

the most fit of the sample ...
52
(69 72 42 -37 -100 -35 -61 -100 42 -46 -75 32 21 -65 85 -50 4 -17 -31 -8 -100 91 -37 4 -16 -83 -86 83 98 -1 10 -100 53
 4 81 80 -35 3 -29 -50 -36 49 -83 14 -91 -83 -85 80 66 36 12 -84 39 -91 99 -55 79) 80

the sample of individuals ...
34
(-11 -88 75 67 92 -33 -29 81 -10 -24 90 63 74 5 -75 -59 74 -27 -59 -98 -25 -96 -81 19 -30 60 59 47 67 85 23 -15 36 -25
 75 -41 36 44 60 -57 -74 -46 -77 -66 65 84 53 -45 17 -90 -61 -85 27 -52 2 -50 -86) 10
14
(-68 83 -77 -60 -20 -58 -12 -37 -52 -47 -85 -78 22 74 -71 -60 -6 27 -79 64 2 -23 38 12 -35 78 -3 -49 -49 8 -3 28 -3 -78
 -36 11 92 -55 19 25 -39 -18 71 38 -73 -48 25 84 46 -15 4 -92 73 94 -5 -37 -26) 0
65
(-68 -46 -58 -55 -22 -56 -29 84 56 61 75 -20 75 62 32 -89 -14 55 16 -51 9 -82 37 -28 24 -9 -61 -35 -21 48 55 75 -54 44
 68 -47 17 42 -50 26 -25 -35 -47 64 40 -36 -72 -96 45 -23 98 75 -79 -60 -90 -51 12) -20
42
(-61 59 -41 9 31 83 12 27 -29 -9 16 -70 -84 -23 47 71 29 -17 27 45 62 -77 -72 27 -30 66 63 -81 -9 22 -58 -97 -96 61 45
 -88 28 26 -87 -54 -19 -87 -78 56 92 30 6 -22 42 13 70 20 95 1 -90 -33 5) 0
80
(-59 87 38 -27 -48 89 46 90 0 52 30 -49 -35 -90 38 -66 -61 -68 57 13 29 -44 86 -26 86 54 -48 31 0 76 93 97 47 88 -88 59
 -28 -44 9 54 29 82 10 57 65 84 49 28 -89 -46 35 -25 30 -31 -59 -14 -60) 20
4
(-10 84 -35 -64 -52 -100 55 -77 2 25 92 -56 53 91 16 92 79 77 -95 97 28 73 -38 -10 -100 49 34 -84 38 6 52 0 -38 -61 14
 78 -12 -32 -4 -30 -66 -22 29 -57 -99 -97 -85 -86 -16 -43 86 -82 -2 26 -1 71 87) -10
13
(-51 -78 17 94 96 -5 7 12 40 80 7 95 -66 -61 31 -56 68 83 -32 -12 -37 -76 24 -51 46 75 33 -82 71 53 -23 89 47 -17 -6
 -37 40 -19 -78 36 -67 -3 -6 -78 -18 -77 -95 5 -81 37 8 27 96 -27 85 -61 -68) -20
15
(42 -5 15 -72 89 -21 -51 46 -33 57 -52 -29 -71 6 81 -3 57 -1 91 96 -28 -28 -90 11 -43 67 82 40 89 84 -29 -58 -93 76 -79
 -55 -56 -3 32 -26 18 2 71 -39 -25 -19 -70 49 73 83 74 -95 -90 -20 74 39 79) -20
65
(-68 -46 -58 -55 -22 -56 -29 84 56 61 75 -20 75 62 32 -89 -14 55 16 -51 9 -82 37 -28 24 -9 -61 -35 -21 48 55 75 -54 44
 68 -47 17 42 -50 26 -25 -35 -47 64 40 -36 -72 -96 45 -23 98 75 -79 -60 -90 -51 12) -20
1
(64 -93 94 -91 83 -42 -46 21 90 58 68 53 -49 -45 -28 81 -46 -41 81 75 -49 -53 84 8 30 -38 60 56 75 60 90 32 -98 -78 45
 41 -53 21 61 56 -39 30 -46 6 -68 78 12 -9 -59 -18 74 13 -89 93 -98 21 -30) 30
83
(-55 -55 53 -60 -99 -13 58 15 -67 -30 28 40 -55 52 2 -56 72 90 48 -26 -37 16 -26 22 1 71 80 54 75 52 -10 -71 -64 -47
 -68 -66 8 81 -31 -56 19 86 -79 -58 89 85 85 90 57 -65 -16 -28 5 -40 -78 -34 -22) 20
4
(-10 84 -35 -64 -52 -100 55 -77 2 25 92 -56 53 91 16 92 79 77 -95 97 28 73 -38 -10 -100 49 34 -84 38 6 52 0 -38 -61 14
 78 -12 -32 -4 -30 -66 -22 29 -57 -99 -97 -85 -86 -16 -43 86 -82 -2 26 -1 71 87) -10
31
(73 28 -40 -68 -73 48 55 -96 86 10 44 34 12 -22 73 89 4 -27 55 -15 91 21 33 31 59 -19 49 -56 74 63 -96 -87 82 24 -72
 -51 -71 17 -52 77 -96 -3 4 57 70 -41 -76 -86 76 84 -84 -30 -87 3 -1 -56 -75) -60
70
(-97 56 -67 81 -81 7 91 93 -87 -14 60 -31 32 48 50 40 -6 57 -46 -45 -85 -21 -4 -52 18 82 5 53 -39 18 23 -23 7 -3 55 -57
 56 17 -84 -12 -23 -47 92 31 -58 41 24 -67 -58 5 -43 -91 36 9 43 68 6) -20
34
(-11 -88 75 67 92 -33 -29 81 -10 -24 90 63 74 5 -75 -59 74 -27 -59 -98 -25 -96 -81 19 -30 60 59 47 67 85 23 -15 36 -25
 75 -41 36 44 60 -57 -74 -46 -77 -66 65 84 53 -45 17 -90 -61 -85 27 -52 2 -50 -86) 10
96
(-30 73 75 -60 98 -67 57 -45 -25 -73 -17 14 55 -7 -42 6 -6 -3 -66 -78 -66 -2 -24 -77 -46 67 -82 -48 -90 57 47 49 14 88
 -35 38 -83 -5 49 -49 78 -78 84 -77 67 -71 -98 20 -32 73 -79 7 79 -28 -4 -17 -61) 0

the most fit of the sample ...
1
(64 -93 94 -91 83 -42 -46 21 90 58 68 53 -49 -45 -28 81 -46 -41 81 75 -49 -53 84 8 30 -38 60 56 75 60 90 32 -98 -78 45
 41 -53 21 61 56 -39 30 -46 6 -68 78 12 -9 -59 -18 74 13 -89 93 -98 21 -30) 30

Selected mother =
52
(69 72 42 -37 -100 -35 -61 -100 42 -46 -75 32 21 -65 85 -50 4 -17 -31 -8 -100 91 -37 4 -16 -83 -86 83 98 -1 10 -100 53
 4 81 80 -35 3 -29 -50 -36 49 -83 14 -91 -83 -85 80 66 36 12 -84 39 -91 99 -55 79) 80
Selected father =
1
(64 -93 94 -91 83 -42 -46 21 90 58 68 53 -49 -45 -28 81 -46 -41 81 75 -49 -53 84 8 30 -38 60 56 75 60 90 32 -98 -78 45
 41 -53 21 61 56 -39 30 -46 6 -68 78 12 -9 -59 -18 74 13 -89 93 -98 21 -30) 30
the crossover =
0
(64 -93 94 -91 83 -42 -46 21 90 58 68 53 -49 -45 -28 81 -46 -41 81 75 -49 -53 84 8 30 -38 60 56 75 60 90 32 -98 -78 45
 41 -53 21 61 56 -39 30 -46 6 -68 78 12 -9 -59 -18 74 13 -89 93 -98 21 -30) 30
the possiblly mutated individual =
0
(64 -93 94 -91 83 -42 -46 21 90 58 68 53 -49 -45 -28 81 -46 -41 81 75 -49 -53 84 8 30 -38 60 56 75 60 90 32 -98 -78 45
 41 -53 21 61 56 -39 30 -46 6 -68 78 12 -9 -59 -18 74 13 -89 93 -98 21 -30) 30
the renumbered individual =
8
(64 -93 94 -91 83 -42 -46 21 90 58 68 53 -49 -45 -28 81 -46 -41 81 75 -49 -53 84 8 30 -38 60 56 75 60 90 32 -98 -78 45
 41 -53 21 61 56 -39 30 -46 6 -68 78 12 -9 -59 -18 74 13 -89 93 -98 21 -30) 30
-------------------------------------------------------------------------




Generation 1 population ...

1
(-66 -54 69 -97 99 -46 85 81 18 -98 82 -18 -71 -7 67 -19 -76 -7 -82 -71 57 -18 -87 52 -5 -16 70 -80 58 -80 96 78 -9 -67
 82 49 -63 54 -33 -55 55 71 37 -10 -63 24 15 22 8 -43 -97 80 21 -94 93 40 -74) 60
2
(69 72 42 -37 -100 -35 -61 -100 42 -46 -75 32 21 -65 85 -50 4 -17 -31 -8 -100 91 -37 4 -16 -83 -86 83 98 -1 10 -100 53
 4 81 80 -28 -19 -1 -64 -10 -45 -36 -81 19 -34 -42 -46 66 36 12 -84 39 -91 99 -55 79) -10
3
(-81 34 97 -30 56 50 69 10 -35 37 -63 -18 95 -20 92 -33 96 -39 32 75 57 60 33 97 21 61 -61 40 21 87 83 39 -91 -67 82 49
 -63 54 -33 -87 21 20 -48 -30 -56 -34 -42 -46 -25 -77 -32 -49 41 -9 -98 -27 -89) 40
4
(-81 34 97 -30 56 50 69 10 -35 37 -63 -18 95 -20 92 -33 96 -39 32 75 57 60 33 97 21 61 -61 40 21 87 83 39 -91 -23 -30
 92 -28 -19 -1 -64 -10 -45 -36 -81 19 -34 -42 -46 -25 -77 -32 -49 41 -9 -98 -27 -89) 80
5
(-91 66 -72 -8 -80 21 78 -68 -22 -55 -10 19 -14 -15 71 -90 -4 -8 -42 -38 67 11 -52 -79 -39 -78 0 97 7 -87 87 20 -47 16
 -71 -37 -27 3 68 -41 56 -17 40 61 16 93 -60 37 -95 -82 11 -18 -60 58 97 71 68) 80
6
(-22 90 -57 -26 -83 -33 23 47 -68 -17 -34 85 -28 69 57 -41 89 -76 -25 -88 -17 -74 -28 -58 49 95 40 -52 28 -7 79 -70 3
 -65 33 50 59 20 17 -85 -42 36 24 -33 82 -97 -70 55 97 27 5 44 -88 58 97 45 34) 50
7
(-93 92 -36 22 -91 27 58 -37 70 -69 -3 7 -14 77 -48 -50 -7 -60 -31 26 96 -74 9 47 28 6 -98 -19 52 -13 18 -29 6 -80 -77
 -31 -17 11 -61 -61 22 16 -97 75 86 22 83 69 -31 -90 -40 -52 84 -54 -35 0 1) 50
8
(64 -93 94 -91 83 -42 -46 21 90 58 68 53 -49 -45 -28 81 -46 -41 81 75 -49 -53 84 8 30 -38 60 56 75 60 90 32 -98 -78 45
 41 -53 21 61 56 -39 30 -46 6 -68 78 12 -9 -59 -18 74 13 -89 93 -98 21 -30) 30



-------------------------------------------------------------------------
the sample of individuals ...
38
(-59 27 18 -10 -94 -96 57 -6 3 43 93 -51 49 73 -41 14 -69 92 -93 2 -18 -15 -21 79 71 27 -4 11 -7 7 61 36 -69 88 -35 64
 65 11 12 -68 -23 34 -33 -56 -59 -85 -65 -89 -99 0 -56 9 20 -66 -100 -54 24) -10
35
(42 -94 -42 -90 -86 -63 4 -14 19 71 20 -21 15 97 -10 70 58 0 -18 -87 0 25 27 -17 94 61 -54 -42 93 41 -22 2 12 -75 -33
 58 37 95 41 71 -74 87 -60 59 31 -62 16 -18 -56 -87 -96 64 -54 -71 -35 -28 19) 20
69
(22 1 7 15 34 -69 37 81 52 58 18 71 43 -62 18 33 75 -86 80 -43 60 -36 10 19 74 87 -7 24 13 -65 75 5 81 -23 66 -9 85 -87
 -12 64 -83 -18 -46 50 98 -93 68 48 15 78 74 -17 -68 35 -29 -25 -67) 10
43
(-89 8 -43 91 57 -64 -57 28 -34 94 81 88 -97 -15 18 96 25 -39 23 -84 32 -38 -81 86 0 -35 70 -34 -28 81 20 -33 -15 -4 85
 -1 -46 -43 -55 40 76 -77 -21 35 1 13 4 -6 -41 -69 80 3 48 -23 94 42 81) 30
98
(5 -94 27 54 51 -2 17 48 11 -62 69 49 -62 57 -45 62 52 23 -53 77 -72 -41 43 46 -23 47 92 -29 85 24 90 -42 7 -79 22 -87
 -65 67 -58 -58 14 60 -86 71 45 -81 94 -60 -26 64 37 42 -25 10 34 16 12) 60
92
(-78 -6 30 51 -29 59 -47 -91 -55 8 73 -35 19 98 -8 -81 32 36 -50 22 37 77 -3 48 -4 -85 77 -3 9 -100 55 13 29 -35 -52 1
 13 38 -19 -65 -38 42 26 25 -88 -87 -58 37 9 -89 -40 -44 -31 29 -23 -36 -62) 60
41
(-93 92 -36 22 -91 27 58 -37 70 -69 -3 7 -14 77 -48 -50 -7 -60 -31 26 96 -74 9 47 28 6 -98 -19 52 -13 18 -29 6 -80 -77
 -31 -17 11 -61 -61 22 16 -97 75 86 22 83 69 -31 -41 50 -13 -86 -54 -32 0 1) 50
11
(-32 80 0 -3 48 -48 96 -77 -21 -55 -47 -75 -60 22 -46 -43 -49 73 96 -31 39 -9 34 29 -62 97 -84 -97 81 -77 -66 -29 35
 -66 -100 -33 -47 -89 -34 78 42 -80 -88 -33 -90 -100 -79 53 61 62 -91 -1 -17 41 -67 55 -37) -10
39
(0 48 99 37 28 -28 -66 17 83 -4 -20 39 83 35 25 -66 -98 77 28 -63 -61 -85 82 63 74 -7 10 -62 97 -79 72 -70 -68 -16 -4
 57 87 13 26 47 -4 -41 65 93 -71 46 -57 -44 -47 15 -14 53 -72 -13 62 88 41) -40
27
(82 -12 78 32 -64 5 32 -31 -51 13 22 -75 3 11 25 -66 -25 53 -13 27 -5 90 85 47 -26 -71 42 -95 -56 41 -28 4 65 89 12 31
 81 39 -84 -91 96 -92 63 -68 -3 4 -3 23 -79 48 -30 -98 -29 62 -42 50 27) -50
47
(57 -70 56 -83 74 -95 55 -60 56 68 -34 -54 58 -66 58 -68 -32 -14 50 -26 81 -39 42 54 -2 -23 58 24 -58 -6 -34 -22 74 -70
 30 -17 57 -16 94 46 -37 67 21 74 -48 -94 7 26 56 91 -27 57 98 86 50 -28 80) 10
27
(82 -12 78 32 -64 5 32 -31 -51 13 22 -75 3 11 25 -66 -25 53 -13 27 -5 90 85 47 -26 -71 42 -95 -56 41 -28 4 65 89 12 31
 81 39 -84 -91 96 -92 63 -68 -3 4 -3 23 -79 48 -30 -98 -29 62 -42 50 27) -50
14
(-68 83 -77 -60 -20 -58 -12 -37 -52 -47 -85 -78 22 74 -71 -60 -6 27 -79 64 2 -23 38 12 -35 78 -3 -49 -49 8 -3 28 -3 -78
 -36 11 92 -55 19 25 -39 -18 71 38 -73 -48 25 84 46 -15 4 -92 73 94 -5 -37 -26) 0
50
(-94 -87 73 -59 39 10 -50 98 -72 -15 -63 -38 -55 -24 40 76 95 99 51 -74 17 -89 39 22 24 95 94 66 45 -17 -5 -89 -95 -52
 -80 99 84 -17 50 -35 9 -17 -47 90 62 -42 -5 -48 86 97 32 -43 -31 -53 -67 31 41) 0
7
(20 -8 -45 47 4 3 -45 95 32 -43 7 -21 63 -2 -61 -32 -62 -13 -26 10 70 -100 -83 -96 -73 -25 55 93 -95 -11 80 31 -57 58
 -64 -95 63 8 -29 -93 -87 50 -7 15 -11 59 62 -12 4 7 72 -59 12 -66 -50 96 31) 30
20
(57 -65 -72 -34 9 66 94 -59 81 -89 -9 -87 -90 -29 6 8 16 77 50 3 62 -54 -51 50 39 40 -25 -68 40 61 50 -86 -77 55 -82 -4
 52 4 -68 95 -52 -87 -19 7 32 78 -62 -63 -39 -42 -28 -89 -69 33 -85 79 40) -10

the most fit of the sample ...
98
(5 -94 27 54 51 -2 17 48 11 -62 69 49 -62 57 -45 62 52 23 -53 77 -72 -41 43 46 -23 47 92 -29 85 24 90 -42 7 -79 22 -87
 -65 67 -58 -58 14 60 -86 71 45 -81 94 -60 -26 64 37 42 -25 10 34 16 12) 60

the sample of individuals ...
45
(-81 34 97 -30 56 50 69 10 -35 37 -63 -18 95 -20 92 -33 96 -39 32 75 57 60 33 97 21 61 -61 40 21 87 83 39 -91 -23 -30
 92 -28 -19 -1 -64 -10 -45 -36 -81 19 -34 -42 -46 -25 -77 -32 -49 41 -9 -98 -27 -89) 80
31
(73 28 -40 -68 -73 48 55 -96 86 10 44 34 12 -22 73 89 4 -27 55 -15 91 21 33 31 59 -19 49 -56 74 63 -96 -87 82 24 -72
 -51 -71 17 -52 77 -96 -3 4 57 70 -41 -76 -86 76 84 -84 -30 -87 3 -1 -56 -75) -60
13
(-51 -78 17 94 96 -5 7 12 40 80 7 95 -66 -61 31 -56 68 83 -32 -12 -37 -76 24 -51 46 75 33 -82 71 53 -23 89 47 -17 -6
 -37 40 -19 -78 36 -67 -3 -6 -78 -18 -77 -95 5 -81 37 8 27 96 -27 85 -61 -68) -20
53
(85 -58 -23 52 18 -16 -95 41 -71 -79 27 -86 -46 -85 -10 -56 -31 21 -46 57 -27 49 -49 43 -21 88 78 6 -22 -61 44 65 94 1
 -52 -78 31 -90 43 41 -7 -16 -12 3 52 -21 83 -87 19 76 -60 24 63 7 -92 -63 -29) -50
82
(-18 -54 69 -97 99 -46 85 81 18 -98 82 -18 -71 -7 -62 -19 -76 -7 -82 -71 57 -18 -87 52 -5 -16 70 -80 58 -80 96 78 -9
 -67 82 49 -63 54 -33 -87 21 20 -48 -30 -56 -33 3 -91 53 -90 -40 -52 84 -54 -35 64 -50) 80
88
(7 5 -76 98 -45 96 69 -51 35 -53 -29 -15 -24 -23 44 49 55 27 76 -53 32 43 74 64 -87 99 -48 -1 98 -50 -59 49 -24 11 12
 45 -76 -9 -99 -77 27 41 33 43 -34 -26 -40 -51 -78 61 -44 -40 71 -21 45 -42 -69) -40
30
(61 49 46 8 -62 33 -54 -25 86 5 -76 58 -99 -47 -5 19 44 -39 38 99 -64 -30 -76 -43 30 29 -29 10 -6 66 27 -20 34 -71 42
 -75 -54 -80 -64 -73 -8 -14 -37 -77 47 -53 -14 -75 -66 -65 68 45 32 -85 -40 6 -92) 0
3
(-97 12 68 1 -52 -31 -73 8 -71 -33 28 -98 -70 82 -60 78 -52 -45 43 87 -47 -17 56 84 80 -1 32 -68 57 -9 -70 -15 -29 65
 82 -29 63 1 24 44 -84 -15 40 -77 -5 29 74 84 74 -26 -95 -92 68 -15 -50 -80 -43) -40
84
(57 86 -9 66 -81 -42 75 -92 92 20 -8 -7 -13 9 88 54 -17 -88 75 -89 -22 -63 4 -80 56 -47 -15 -44 -68 63 -66 40 -89 22
 -47 -25 86 47 -83 22 51 -26 -55 87 17 11 -88 -8 26 -79 1 34 19 24 30 29 69) 0
20
(57 -65 -72 -34 9 66 94 -59 81 -89 -9 -87 -90 -29 6 8 16 77 50 3 62 -54 -51 50 39 40 -25 -68 40 61 50 -86 -77 55 -82 -4
 52 4 -68 95 -52 -87 -19 7 32 78 -62 -63 -39 -42 -28 -89 -69 33 -85 79 40) -10
45
(-81 34 97 -30 56 50 69 10 -35 37 -63 -18 95 -20 92 -33 96 -39 32 75 57 60 33 97 21 61 -61 40 21 87 83 39 -91 -23 -30
 92 -28 -19 -1 -64 -10 -45 -36 -81 19 -34 -42 -46 -25 -77 -32 -49 41 -9 -98 -27 -89) 80
94
(83 -72 77 72 1 -9 58 6 37 -48 34 -3 17 55 6 40 -4 -32 -86 -65 81 -80 -31 0 47 48 78 24 88 -89 51 60 20 -1 -35 85 -83
 29 -21 93 -38 92 28 -58 39 -23 56 -62 1 -98 44 73 -11 1 40 -80 16) 10
23
(-92 71 -15 34 19 48 44 -55 -39 -10 -98 -5 -26 43 -45 46 -70 51 59 -19 -45 96 -37 0 4 13 -71 49 -6 13 57 95 -25 36 -84
 -35 -79 11 -26 -39 -62 -26 38 -32 48 -81 -89 -2 -20 -6 -37 -24 -67 25 85 -99 -44) 0
90
(-36 67 64 -17 -20 -23 -94 81 -31 6 -71 4 -37 -5 50 -33 -12 -82 -66 -11 98 -23 2 94 74 74 23 -81 -7 67 -7 -48 -61 -30
 26 35 -89 56 -81 10 47 52 -16 71 58 15 26 -37 43 -33 38 -62 -87 71 -63 20 -89) 50
61
(98 17 -42 73 -13 89 -95 -97 -92 -21 1 -88 -84 -22 -37 71 -56 -19 8 -81 95 95 64 -78 21 86 43 -44 -30 30 87 62 58 68 55
 -10 -67 -67 -24 -36 94 87 -84 -68 -34 -11 -56 73 49 53 -48 -34 -75 83 -15 45 48) 10
36
(-93 42 -31 -27 -37 96 -14 93 -36 -22 -75 30 8 -88 -67 62 42 61 98 -11 14 -77 13 -68 -67 -68 -41 -62 84 -47 -94 -26 -28
 85 -20 42 2 32 65 -37 -74 30 -8 -19 -35 -96 -54 -69 17 56 -64 25 14 47 53 -99 -19) 0

the most fit of the sample ...
45
(-81 34 97 -30 56 50 69 10 -35 37 -63 -18 95 -20 92 -33 96 -39 32 75 57 60 33 97 21 61 -61 40 21 87 83 39 -91 -23 -30
 92 -28 -19 -1 -64 -10 -45 -36 -81 19 -34 -42 -46 -25 -77 -32 -49 41 -9 -98 -27 -89) 80

Selected mother =
98
(5 -94 27 54 51 -2 17 48 11 -62 69 49 -62 57 -45 62 52 23 -53 77 -72 -41 43 46 -23 47 92 -29 85 24 90 -42 7 -79 22 -87
 -65 67 -58 -58 14 60 -86 71 45 -81 94 -60 -26 64 37 42 -25 10 34 16 12) 60
Selected father =
45
(-81 34 97 -30 56 50 69 10 -35 37 -63 -18 95 -20 92 -33 96 -39 32 75 57 60 33 97 21 61 -61 40 21 87 83 39 -91 -23 -30
 92 -28 -19 -1 -64 -10 -45 -36 -81 19 -34 -42 -46 -25 -77 -32 -49 41 -9 -98 -27 -89) 80
the crossover =
0
(-81 34 97 -30 56 50 69 10 -35 37 -63 -18 95 -20 92 -33 96 -39 32 75 57 60 33 97 21 61 -61 40 21 24 90 -42 7 -79 22 -87
 -65 67 -58 -58 14 60 -86 71 45 -81 94 -60 -26 64 37 42 -25 10 34 -27 -89) 30
the possiblly mutated individual =
0
(-81 34 97 -30 56 50 69 10 -35 37 -63 -18 95 -20 92 -33 96 -39 32 75 57 60 33 97 21 61 -61 40 21 24 90 -42 7 -79 22 -87
 -65 67 -58 -58 14 60 -86 71 45 -81 94 -60 -26 64 37 42 -25 10 34 -27 -89) 30
the renumbered individual =
9
(-81 34 97 -30 56 50 69 10 -35 37 -63 -18 95 -20 92 -33 96 -39 32 75 57 60 33 97 21 61 -61 40 21 24 90 -42 7 -79 22 -87
 -65 67 -58 -58 14 60 -86 71 45 -81 94 -60 -26 64 37 42 -25 10 34 -27 -89) 30
-------------------------------------------------------------------------




Generation 1 population ...

1
(-66 -54 69 -97 99 -46 85 81 18 -98 82 -18 -71 -7 67 -19 -76 -7 -82 -71 57 -18 -87 52 -5 -16 70 -80 58 -80 96 78 -9 -67
 82 49 -63 54 -33 -55 55 71 37 -10 -63 24 15 22 8 -43 -97 80 21 -94 93 40 -74) 60
2
(69 72 42 -37 -100 -35 -61 -100 42 -46 -75 32 21 -65 85 -50 4 -17 -31 -8 -100 91 -37 4 -16 -83 -86 83 98 -1 10 -100 53
 4 81 80 -28 -19 -1 -64 -10 -45 -36 -81 19 -34 -42 -46 66 36 12 -84 39 -91 99 -55 79) -10
3
(-81 34 97 -30 56 50 69 10 -35 37 -63 -18 95 -20 92 -33 96 -39 32 75 57 60 33 97 21 61 -61 40 21 87 83 39 -91 -67 82 49
 -63 54 -33 -87 21 20 -48 -30 -56 -34 -42 -46 -25 -77 -32 -49 41 -9 -98 -27 -89) 40
4
(-81 34 97 -30 56 50 69 10 -35 37 -63 -18 95 -20 92 -33 96 -39 32 75 57 60 33 97 21 61 -61 40 21 87 83 39 -91 -23 -30
 92 -28 -19 -1 -64 -10 -45 -36 -81 19 -34 -42 -46 -25 -77 -32 -49 41 -9 -98 -27 -89) 80
5
(-91 66 -72 -8 -80 21 78 -68 -22 -55 -10 19 -14 -15 71 -90 -4 -8 -42 -38 67 11 -52 -79 -39 -78 0 97 7 -87 87 20 -47 16
 -71 -37 -27 3 68 -41 56 -17 40 61 16 93 -60 37 -95 -82 11 -18 -60 58 97 71 68) 80
6
(-22 90 -57 -26 -83 -33 23 47 -68 -17 -34 85 -28 69 57 -41 89 -76 -25 -88 -17 -74 -28 -58 49 95 40 -52 28 -7 79 -70 3
 -65 33 50 59 20 17 -85 -42 36 24 -33 82 -97 -70 55 97 27 5 44 -88 58 97 45 34) 50
7
(-93 92 -36 22 -91 27 58 -37 70 -69 -3 7 -14 77 -48 -50 -7 -60 -31 26 96 -74 9 47 28 6 -98 -19 52 -13 18 -29 6 -80 -77
 -31 -17 11 -61 -61 22 16 -97 75 86 22 83 69 -31 -90 -40 -52 84 -54 -35 0 1) 50
8
(64 -93 94 -91 83 -42 -46 21 90 58 68 53 -49 -45 -28 81 -46 -41 81 75 -49 -53 84 8 30 -38 60 56 75 60 90 32 -98 -78 45
 41 -53 21 61 56 -39 30 -46 6 -68 78 12 -9 -59 -18 74 13 -89 93 -98 21 -30) 30
9
(-81 34 97 -30 56 50 69 10 -35 37 -63 -18 95 -20 92 -33 96 -39 32 75 57 60 33 97 21 61 -61 40 21 24 90 -42 7 -79 22 -87
 -65 67 -58 -58 14 60 -86 71 45 -81 94 -60 -26 64 37 42 -25 10 34 -27 -89) 30



-------------------------------------------------------------------------
the sample of individuals ...
53
(85 -58 -23 52 18 -16 -95 41 -71 -79 27 -86 -46 -85 -10 -56 -31 21 -46 57 -27 49 -49 43 -21 88 78 6 -22 -61 44 65 94 1
 -52 -78 31 -90 43 41 -7 -16 -12 3 52 -21 83 -87 19 76 -60 24 63 7 -92 -63 -29) -50
1
(64 -93 94 -91 83 -42 -46 21 90 58 68 53 -49 -45 -28 81 -46 -41 81 75 -49 -53 84 8 30 -38 60 56 75 60 90 32 -98 -78 45
 41 -53 21 61 56 -39 30 -46 6 -68 78 12 -9 -59 -18 74 13 -89 93 -98 21 -30) 30
63
(-63 71 8 -45 -4 6 52 76 -40 1 -11 -85 34 -87 -43 6 84 -92 -91 8 61 34 -64 -7 85 -65 15 42 -12 -51 -10 -13 66 74 -44 54
 63 -68 85 -29 -30 -78 73 20 84 37 12 9 52 16 85 -28 -86 78 -62 -93 71) -40
41
(-93 92 -36 22 -91 27 58 -37 70 -69 -3 7 -14 77 -48 -50 -7 -60 -31 26 96 -74 9 47 28 6 -98 -19 52 -13 18 -29 6 -80 -77
 -31 -17 11 -61 -61 22 16 -97 75 86 22 83 69 -31 -41 50 -13 -86 -54 -32 0 1) 50
82
(-18 -54 69 -97 99 -46 85 81 18 -98 82 -18 -71 -7 -62 -19 -76 -7 -82 -71 57 -18 -87 52 -5 -16 70 -80 58 -80 96 78 -9
 -67 82 49 -63 54 -33 -87 21 20 -48 -30 -56 -33 3 -91 53 -90 -40 -52 84 -54 -35 64 -50) 80
59
(-66 28 38 -12 -70 -32 30 52 29 -21 25 29 -81 -39 -73 51 62 -36 -51 -92 61 -64 8 -53 -31 -18 71 79 -28 50 -88 -78 -44
 -65 -56 -91 99 48 53 -55 55 71 37 -10 -63 24 15 22 8 -43 -97 80 21 -94 93 40 -74) 70
88
(7 5 -76 98 -45 96 69 -51 35 -53 -29 -15 -24 -23 44 49 55 27 76 -53 32 43 74 64 -87 99 -48 -1 98 -50 -59 49 -24 11 12
 45 -76 -9 -99 -77 27 41 33 43 -34 -26 -40 -51 -78 61 -44 -40 71 -21 45 -42 -69) -40
40
(86 -92 -56 -46 42 -9 99 -83 -69 -17 61 -9 -5 79 -76 -70 30 81 -61 69 13 -81 1 -95 -91 -22 -71 -45 -18 -67 -46 -17 -89
 -88 22 33 -9 8 29 52 -21 35 9 45 -11 -33 97 39 96 -78 -55 30 95 97 54 -26 -98) 10
54
(-37 -91 9 48 -6 -99 72 -55 36 77 -93 -82 76 -37 -4 -38 -81 98 -1 79 42 47 -99 39 -93 -20 -52 -38 44 87 -86 -66 46 -6
 -89 -40 58 99 34 37 7 -53 25 14 41 -55 67 -99 62 -98 -97 3 73 24 54 84 -54) 0
34
(-11 -88 75 67 92 -33 -29 81 -10 -24 90 63 74 5 -75 -59 74 -27 -59 -98 -25 -96 -81 19 -30 60 59 47 67 85 23 -15 36 -25
 75 -41 36 44 60 -57 -74 -46 -77 -66 65 84 53 -45 17 -90 -61 -85 27 -52 2 -50 -86) 10
60
(32 68 75 61 75 13 -99 57 94 -21 -91 -46 20 79 6 47 87 68 -58 49 -61 57 1 -9 -6 -60 -100 74 -33 51 -52 -87 -67 -29 -41
 12 8 68 8 27 8 -39 -42 -82 -76 -14 -21 -28 -22 -53 -10 -41 -78 69 67 -52 34) 0
50
(-94 -87 73 -59 39 10 -50 98 -72 -15 -63 -38 -55 -24 40 76 95 99 51 -74 17 -89 39 22 24 95 94 66 45 -17 -5 -89 -95 -52
 -80 99 84 -17 50 -35 9 -17 -47 90 62 -42 -5 -48 86 97 32 -43 -31 -53 -67 31 41) 0
6
(79 55 46 -15 -55 -4 55 -45 64 -10 6 -81 45 28 -5 32 48 8 -52 -65 -92 -72 -62 23 39 -42 -95 -57 21 -1 -45 -59 11 53 52
 -9 -50 -66 -28 -94 60 13 82 -18 -72 -74 46 -50 96 45 -84 -22 -72 -58 -42 -90 -57) -10
100
(19 -56 13 -46 58 17 67 6 -65 93 57 -24 -42 99 -53 -34 96 46 -17 -53 -38 16 80 28 -98 -69 -91 -77 -80 -56 33 -90 80 18
 -69 -25 44 41 78 -28 44 65 -8 -98 -34 -45 -4 43 3 81 73 94 -10 -4 -61 -99 98) 40
33
(51 45 21 43 8 65 10 80 22 61 -70 -67 -14 -25 81 44 67 -31 84 57 53 19 -13 -34 64 63 -73 -58 48 -28 -64 78 -99 -83 84
 85 -29 -46 -99 81 -79 76 17 -29 -69 91 -22 8 -78 -54 93 64 -47 -25 61 -39 -16) 30
81
(-8 83 92 90 59 68 -2 -84 18 42 7 68 -94 44 -95 37 -39 45 88 -22 -53 -44 24 -50 97 93 -35 4 31 -76 -77 39 92 -57 -74 96
 12 -5 -23 -59 -81 -5 97 23 -7 55 -87 9 81 88 -51 -10 37 63 89 73 3) -50

the most fit of the sample ...
82
(-18 -54 69 -97 99 -46 85 81 18 -98 82 -18 -71 -7 -62 -19 -76 -7 -82 -71 57 -18 -87 52 -5 -16 70 -80 58 -80 96 78 -9
 -67 82 49 -63 54 -33 -87 21 20 -48 -30 -56 -33 3 -91 53 -90 -40 -52 84 -54 -35 64 -50) 80

the sample of individuals ...
42
(-61 59 -41 9 31 83 12 27 -29 -9 16 -70 -84 -23 47 71 29 -17 27 45 62 -77 -72 27 -30 66 63 -81 -9 22 -58 -97 -96 61 45
 -88 28 26 -87 -54 -19 -87 -78 56 92 30 6 -22 42 13 70 20 95 1 -90 -33 5) 0
80
(-59 87 38 -27 -48 89 46 90 0 52 30 -49 -35 -90 38 -66 -61 -68 57 13 29 -44 86 -26 86 54 -48 31 0 76 93 97 47 88 -88 59
 -28 -44 9 54 29 82 10 57 65 84 49 28 -89 -46 35 -25 30 -31 -59 -14 -60) 20
75
(47 -48 24 -67 -84 63 68 9 82 76 39 -74 -61 -84 88 23 -26 95 52 -62 -93 36 57 -100 -80 66 -50 -46 -15 -42 80 -9 74 -86
 36 74 -43 -30 89 -57 8 -49 -91 75 -26 -82 86 -77 -61 55 -16 -60 -54 -39 28 58 25) -10
99
(-13 -50 10 84 53 -97 8 73 45 70 23 26 -3 70 77 -62 52 74 -90 -88 90 30 -93 -97 79 -46 96 22 -29 -68 -36 -24 22 -43 -29
 -29 39 41 93 -14 -1 49 6 -92 53 59 -3 5 57 -2 -64 75 -76 -87 13 -48 -52) 10
93
(-91 66 -72 -8 -80 21 78 -68 -22 -55 -10 19 -14 -15 71 -90 -4 4 3 33 97 -84 -16 -2 -92 -63 -33 57 -2 53 87 20 -47 16
 -71 -37 -27 3 68 -41 56 -17 40 61 16 93 -60 37 -95 -82 11 -18 -60 58 97 71 68) 70
3
(-97 12 68 1 -52 -31 -73 8 -71 -33 28 -98 -70 82 -60 78 -52 -45 43 87 -47 -17 56 84 80 -1 32 -68 57 -9 -70 -15 -29 65
 82 -29 63 1 24 44 -84 -15 40 -77 -5 29 74 84 74 -26 -95 -92 68 -15 -50 -80 -43) -40
50
(-94 -87 73 -59 39 10 -50 98 -72 -15 -63 -38 -55 -24 40 76 95 99 51 -74 17 -89 39 22 24 95 94 66 45 -17 -5 -89 -95 -52
 -80 99 84 -17 50 -35 9 -17 -47 90 62 -42 -5 -48 86 97 32 -43 -31 -53 -67 31 41) 0
29
(-67 42 61 -79 92 -40 7 81 92 9 86 93 12 -41 -24 16 1 91 31 -44 18 13 -87 13 -53 -65 96 94 -12 90 -31 0 33 -67 22 65 66
 -29 13 64 51 91 73 28 27 -40 -2 84 -2 -8 16 -58 69 24 43 90 75) 10
70
(-97 56 -67 81 -81 7 91 93 -87 -14 60 -31 32 48 50 40 -6 57 -46 -45 -85 -21 -4 -52 18 82 5 53 -39 18 23 -23 7 -3 55 -57
 56 17 -84 -12 -23 -47 92 31 -58 41 24 -67 -58 5 -43 -91 36 9 43 68 6) -20
27
(82 -12 78 32 -64 5 32 -31 -51 13 22 -75 3 11 25 -66 -25 53 -13 27 -5 90 85 47 -26 -71 42 -95 -56 41 -28 4 65 89 12 31
 81 39 -84 -91 96 -92 63 -68 -3 4 -3 23 -79 48 -30 -98 -29 62 -42 50 27) -50
63
(-63 71 8 -45 -4 6 52 76 -40 1 -11 -85 34 -87 -43 6 84 -92 -91 8 61 34 -64 -7 85 -65 15 42 -12 -51 -10 -13 66 74 -44 54
 63 -68 85 -29 -30 -78 73 20 84 37 12 9 52 16 85 -28 -86 78 -62 -93 71) -40
58
(97 74 -26 14 51 -21 -17 36 20 -36 93 52 -46 39 95 -35 48 48 53 -78 -75 -37 -20 -4 -60 -67 69 62 -13 7 60 -8 -97 -48 59
 94 -28 42 -34 25 -89 -78 -57 -29 15 -53 2 -34 -59 -22 64 -84 34 57 -99 93 -17) 40
59
(-66 28 38 -12 -70 -32 30 52 29 -21 25 29 -81 -39 -73 51 62 -36 -51 -92 61 -64 8 -53 -31 -18 71 79 -28 50 -88 -78 -44
 -65 -56 -91 99 48 53 -55 55 71 37 -10 -63 24 15 22 8 -43 -97 80 21 -94 93 40 -74) 70
9
(-30 -48 57 -74 13 -65 8 80 -80 41 14 89 -73 -19 -60 15 -61 -1 -63 -53 -18 -83 -17 8 -23 42 82 9 23 30 -18 -79 34 74
 -40 35 35 -74 89 -62 -52 -84 8 -48 40 44 -73 1 39 -96 35 -42 -59 24 7 -100 98) -10
49
(16 -51 -34 -4 70 23 -20 5 9 -48 -30 60 -2 -49 -71 -81 -5 -59 55 -51 -60 -69 -66 12 43 2 12 70 33 58 -61 -83 -80 78 81
 45 -5 52 -1 81 -86 64 -68 -70 33 0 81 69 48 -73 12 -93 58 -92 16 -94 -40) 20
62
(-58 -92 34 -39 40 55 22 36 -16 45 47 88 -87 -85 -3 -5 82 28 28 50 71 -20 71 -5 -27 -82 41 -2 23 -64 43 53 5 83 -12 -70
 50 14 -78 39 -29 -78 -100 6 85 -19 -15 81 -90 -46 24 72 -56 93 -96 -32 68) 20

the most fit of the sample ...
93
(-91 66 -72 -8 -80 21 78 -68 -22 -55 -10 19 -14 -15 71 -90 -4 4 3 33 97 -84 -16 -2 -92 -63 -33 57 -2 53 87 20 -47 16
 -71 -37 -27 3 68 -41 56 -17 40 61 16 93 -60 37 -95 -82 11 -18 -60 58 97 71 68) 70

Selected mother =
82
(-18 -54 69 -97 99 -46 85 81 18 -98 82 -18 -71 -7 -62 -19 -76 -7 -82 -71 57 -18 -87 52 -5 -16 70 -80 58 -80 96 78 -9
 -67 82 49 -63 54 -33 -87 21 20 -48 -30 -56 -33 3 -91 53 -90 -40 -52 84 -54 -35 64 -50) 80
Selected father =
93
(-91 66 -72 -8 -80 21 78 -68 -22 -55 -10 19 -14 -15 71 -90 -4 4 3 33 97 -84 -16 -2 -92 -63 -33 57 -2 53 87 20 -47 16
 -71 -37 -27 3 68 -41 56 -17 40 61 16 93 -60 37 -95 -82 11 -18 -60 58 97 71 68) 70
the crossover =
0
(-18 -54 69 -97 99 -46 85 81 18 -98 82 -18 -71 -7 -62 -19 -76 -7 -82 -71 57 -18 -87 52 -5 -16 70 -80 58 -80 87 20 -47
 16 -71 -37 -27 3 -33 -87 21 20 -48 -30 -56 -33 3 -91 53 -90 -40 -52 84 -54 -35 64 -50) 0
the possiblly mutated individual =
0
(-18 -54 69 -97 99 -46 85 81 18 -98 82 -18 -71 -7 -62 -19 -76 -7 -82 -71 57 -18 -87 52 -5 -16 70 -80 58 -80 87 20 -47
 16 -71 -37 -27 3 -33 -87 21 20 -48 -30 -56 -33 3 -91 53 -90 -40 -52 84 -54 -35 64 -50) 0
the renumbered individual =
10
(-18 -54 69 -97 99 -46 85 81 18 -98 82 -18 -71 -7 -62 -19 -76 -7 -82 -71 57 -18 -87 52 -5 -16 70 -80 58 -80 87 20 -47
 16 -71 -37 -27 3 -33 -87 21 20 -48 -30 -56 -33 3 -91 53 -90 -40 -52 84 -54 -35 64 -50) 0
-------------------------------------------------------------------------




Generation 1 population ...

1
(-66 -54 69 -97 99 -46 85 81 18 -98 82 -18 -71 -7 67 -19 -76 -7 -82 -71 57 -18 -87 52 -5 -16 70 -80 58 -80 96 78 -9 -67
 82 49 -63 54 -33 -55 55 71 37 -10 -63 24 15 22 8 -43 -97 80 21 -94 93 40 -74) 60
2
(69 72 42 -37 -100 -35 -61 -100 42 -46 -75 32 21 -65 85 -50 4 -17 -31 -8 -100 91 -37 4 -16 -83 -86 83 98 -1 10 -100 53
 4 81 80 -28 -19 -1 -64 -10 -45 -36 -81 19 -34 -42 -46 66 36 12 -84 39 -91 99 -55 79) -10
3
(-81 34 97 -30 56 50 69 10 -35 37 -63 -18 95 -20 92 -33 96 -39 32 75 57 60 33 97 21 61 -61 40 21 87 83 39 -91 -67 82 49
 -63 54 -33 -87 21 20 -48 -30 -56 -34 -42 -46 -25 -77 -32 -49 41 -9 -98 -27 -89) 40
4
(-81 34 97 -30 56 50 69 10 -35 37 -63 -18 95 -20 92 -33 96 -39 32 75 57 60 33 97 21 61 -61 40 21 87 83 39 -91 -23 -30
 92 -28 -19 -1 -64 -10 -45 -36 -81 19 -34 -42 -46 -25 -77 -32 -49 41 -9 -98 -27 -89) 80
5
(-91 66 -72 -8 -80 21 78 -68 -22 -55 -10 19 -14 -15 71 -90 -4 -8 -42 -38 67 11 -52 -79 -39 -78 0 97 7 -87 87 20 -47 16
 -71 -37 -27 3 68 -41 56 -17 40 61 16 93 -60 37 -95 -82 11 -18 -60 58 97 71 68) 80
6
(-22 90 -57 -26 -83 -33 23 47 -68 -17 -34 85 -28 69 57 -41 89 -76 -25 -88 -17 -74 -28 -58 49 95 40 -52 28 -7 79 -70 3
 -65 33 50 59 20 17 -85 -42 36 24 -33 82 -97 -70 55 97 27 5 44 -88 58 97 45 34) 50
7
(-93 92 -36 22 -91 27 58 -37 70 -69 -3 7 -14 77 -48 -50 -7 -60 -31 26 96 -74 9 47 28 6 -98 -19 52 -13 18 -29 6 -80 -77
 -31 -17 11 -61 -61 22 16 -97 75 86 22 83 69 -31 -90 -40 -52 84 -54 -35 0 1) 50
8
(64 -93 94 -91 83 -42 -46 21 90 58 68 53 -49 -45 -28 81 -46 -41 81 75 -49 -53 84 8 30 -38 60 56 75 60 90 32 -98 -78 45
 41 -53 21 61 56 -39 30 -46 6 -68 78 12 -9 -59 -18 74 13 -89 93 -98 21 -30) 30
9
(-81 34 97 -30 56 50 69 10 -35 37 -63 -18 95 -20 92 -33 96 -39 32 75 57 60 33 97 21 61 -61 40 21 24 90 -42 7 -79 22 -87
 -65 67 -58 -58 14 60 -86 71 45 -81 94 -60 -26 64 37 42 -25 10 34 -27 -89) 30
10
(-18 -54 69 -97 99 -46 85 81 18 -98 82 -18 -71 -7 -62 -19 -76 -7 -82 -71 57 -18 -87 52 -5 -16 70 -80 58 -80 87 20 -47
 16 -71 -37 -27 3 -33 -87 21 20 -48 -30 -56 -33 3 -91 53 -90 -40 -52 84 -54 -35 64 -50) 0



-------------------------------------------------------------------------
NIL