[44]> ( mutation-demo )
s =
(-91 4 89 -83 -65 -100 -61 65 -16 15 11 -61 45 83 26 48 52 68 79 10 91 64 59 -83 -48 -21 92 -62 88 82 -67 -66 50 49 42
 -14 51 87 -90 -21 -86 -2 -49 9 -13 -18 14 25 70 97 50 13 -64 39 -51 -31 6)
m =
(-91 4 89 -83 -65 -100 -61 65 -16 15 11 -61 45 83 26 48 52 68 79 10 91 64 59 -83 -48 -21 92 -62 88 82 -67 -66 50 49 42
 -14 51 87 -90 -21 -86 -2 -49 9 -13 -69 14 25 70 97 50 13 -64 39 -51 -31 6)

s =
(-91 4 89 -83 -65 -100 -61 65 -16 15 11 -61 45 83 26 48 52 68 79 10 91 64 59 -83 -48 -21 92 -62 88 82 -67 -66 50 49 42
 -14 51 87 -90 -21 -86 -2 -49 9 -13 -18 14 25 70 97 50 13 -64 39 -51 -31 6)
m =
(-91 31 89 -83 -65 -100 -61 65 -16 15 11 -61 45 83 26 48 52 68 79 10 91 64 59 -83 -48 -21 92 -62 88 82 -67 -66 50 49 42
 -14 51 87 -90 -21 -86 -2 -49 9 -13 -18 14 25 70 97 50 13 -64 39 -51 -31 6)

s =
(-91 4 89 -83 -65 -100 -61 65 -16 15 11 -61 45 83 26 48 52 68 79 10 91 64 59 -83 -48 -21 92 -62 88 82 -67 -66 50 49 42
 -14 51 87 -90 -21 -86 -2 -49 9 -13 -18 14 25 70 97 50 13 -64 39 -51 -31 6)
m =
(-91 4 89 -83 -65 -100 -61 65 -16 15 11 -61 45 83 26 48 52 68 79 10 91 64 59 -83 -48 -21 92 -62 88 82 -67 56 50 49 42
 -14 51 87 -90 -21 -86 -2 -49 9 -13 -18 14 25 70 97 50 13 -64 39 -51 -31 6)

s =
(-91 4 89 -83 -65 -100 -61 65 -16 15 11 -61 45 83 26 48 52 68 79 10 91 64 59 -83 -48 -21 92 -62 88 82 -67 -66 50 49 42
 -14 51 87 -90 -21 -86 -2 -49 9 -13 -18 14 25 70 97 50 13 -64 39 -51 -31 6)
m =
(-91 4 89 -83 -65 -100 -61 65 -16 15 11 -61 45 83 26 48 52 68 79 10 91 64 59 -83 -48 -21 92 -62 88 82 -67 -66 1 49 42
 -14 51 87 -90 -21 -86 -2 -49 9 -13 -18 14 25 70 97 50 13 -64 39 -51 -31 6)

s =
(-91 4 89 -83 -65 -100 -61 65 -16 15 11 -61 45 83 26 48 52 68 79 10 91 64 59 -83 -48 -21 92 -62 88 82 -67 -66 50 49 42
 -14 51 87 -90 -21 -86 -2 -49 9 -13 -18 14 25 70 97 50 13 -64 39 -51 -31 6)
m =
(-91 4 89 -83 -65 -100 -61 65 -16 15 11 -61 45 83 26 48 52 68 79 10 91 64 59 -83 -48 -21 92 -62 88 82 -67 -66 50 49 42
 -14 51 87 -90 -21 -86 -2 -49 9 -13 -18 -80 25 70 97 50 13 -64 39 -51 -31 6)

s =
(-91 4 89 -83 -65 -100 -61 65 -16 15 11 -61 45 83 26 48 52 68 79 10 91 64 59 -83 -48 -21 92 -62 88 82 -67 -66 50 49 42
 -14 51 87 -90 -21 -86 -2 -49 9 -13 -18 14 25 70 97 50 13 -64 39 -51 -31 6)
m =
(-91 4 89 -83 -65 -100 -61 65 -16 15 11 -61 45 83 -31 48 52 68 79 10 91 64 59 -83 -48 -21 92 -62 88 82 -67 -66 50 49 42
 -14 51 87 -90 -21 -86 -2 -49 9 -13 -18 14 25 70 97 50 13 -64 39 -51 -31 6)

s =
(-91 4 89 -83 -65 -100 -61 65 -16 15 11 -61 45 83 26 48 52 68 79 10 91 64 59 -83 -48 -21 92 -62 88 82 -67 -66 50 49 42
 -14 51 87 -90 -21 -86 -2 -49 9 -13 -18 14 25 70 97 50 13 -64 39 -51 -31 6)
m =
(-91 4 89 -83 -65 -100 -61 65 -16 15 11 -61 45 83 26 48 52 68 79 10 91 64 59 -83 -48 -21 92 -62 88 82 -67 -66 50 49 42
 -14 51 87 -90 -21 -86 -2 -49 9 -13 -18 14 25 70 97 50 13 -64 39 -41 -31 6)

s =
(-91 4 89 -83 -65 -100 -61 65 -16 15 11 -61 45 83 26 48 52 68 79 10 91 64 59 -83 -48 -21 92 -62 88 82 -67 -66 50 49 42
 -14 51 87 -90 -21 -86 -2 -49 9 -13 -18 14 25 70 97 50 13 -64 39 -51 -31 6)
m =
(-91 4 89 -83 -59 -100 -61 65 -16 15 11 -61 45 83 26 48 52 68 79 10 91 64 59 -83 -48 -21 92 -62 88 82 -67 -66 50 49 42
 -14 51 87 -90 -21 -86 -2 -49 9 -13 -18 14 25 70 97 50 13 -64 39 -51 -31 6)

s =
(-91 4 89 -83 -65 -100 -61 65 -16 15 11 -61 45 83 26 48 52 68 79 10 91 64 59 -83 -48 -21 92 -62 88 82 -67 -66 50 49 42
 -14 51 87 -90 -21 -86 -2 -49 9 -13 -18 14 25 70 97 50 13 -64 39 -51 -31 6)
m =
(-91 4 89 -83 -65 -100 -61 65 -16 15 11 -61 45 83 26 48 52 68 79 10 91 64 59 -83 -48 -21 92 73 88 82 -67 -66 50 49 42
 -14 51 87 -90 -21 -86 -2 -49 9 -13 -18 14 25 70 97 50 13 -64 39 -51 -31 6)

s =
(-91 4 89 -83 -65 -100 -61 65 -16 15 11 -61 45 83 26 48 52 68 79 10 91 64 59 -83 -48 -21 92 -62 88 82 -67 -66 50 49 42
 -14 51 87 -90 -21 -86 -2 -49 9 -13 -18 14 25 70 97 50 13 -64 39 -51 -31 6)
m =
(-91 4 89 -83 -65 -100 -61 65 19 15 11 -61 45 83 26 48 52 68 79 10 91 64 59 -83 -48 -21 92 -62 88 82 -67 -66 50 49 42
 -14 51 87 -90 -21 -86 -2 -49 9 -13 -18 14 25 70 97 50 13 -64 39 -51 -31 6)

NIL
[45]> ( crossover-demo )
m =
(56 -71 -66 10 14 -28 -68 -90 29 4 -47 87 64 40 62 64 -25 1 -96 74 75 -84 -96 88 -29 5 -6 58 76 -80 80 21 -85 -64 22
 -40 91 43 78 86 -5 -55 -100 -47 15 26 9 -69 -43 7 26 20 23 46 8 -23 69)
x =
(65 -65 -79 26 -2 -79 -95 84 -58 83 63 -73 -48 -76 24 41 -92 -21 -96 74 75 -84 -96 88 -29 5 -6 58 76 -80 80 21 -85 -56
 42 -64 25 86 86 -74 73 91 -8 59 -22 -82 20 15 85 -90 -38 19 25 -21 5 -88 -42)
f =
(65 -65 -79 26 -2 -79 -95 84 -58 83 63 -73 -48 -76 24 41 -92 -21 -20 -83 3 32 -33 -38 -84 0 0 -77 6 60 -100 63 67 -56
 42 -64 25 86 86 -74 73 91 -8 59 -22 -82 20 15 85 -90 -38 19 25 -21 5 -88 -42)

m =
(56 -71 -66 10 14 -28 -68 -90 29 4 -47 87 64 40 62 64 -25 1 -96 74 75 -84 -96 88 -29 5 -6 58 76 -80 80 21 -85 -64 22
 -40 91 43 78 86 -5 -55 -100 -47 15 26 9 -69 -43 7 26 20 23 46 8 -23 69)
x =
(65 -65 -79 26 -2 -79 -95 84 -58 83 63 -73 -48 -76 24 41 -92 -21 -20 -83 3 32 -33 -38 -29 5 -6 58 76 -80 80 21 -85 -64
 22 -40 91 86 86 -74 73 91 -8 59 -22 -82 20 15 85 -90 -38 19 25 -21 5 -88 -42)
f =
(65 -65 -79 26 -2 -79 -95 84 -58 83 63 -73 -48 -76 24 41 -92 -21 -20 -83 3 32 -33 -38 -84 0 0 -77 6 60 -100 63 67 -56
 42 -64 25 86 86 -74 73 91 -8 59 -22 -82 20 15 85 -90 -38 19 25 -21 5 -88 -42)

m =
(56 -71 -66 10 14 -28 -68 -90 29 4 -47 87 64 40 62 64 -25 1 -96 74 75 -84 -96 88 -29 5 -6 58 76 -80 80 21 -85 -64 22
 -40 91 43 78 86 -5 -55 -100 -47 15 26 9 -69 -43 7 26 20 23 46 8 -23 69)
x =
(65 -65 -79 26 -2 -79 -95 84 -58 83 63 -73 -48 -76 24 41 -92 -21 -20 -83 3 32 -33 -38 -84 0 -6 58 76 -80 80 63 67 -56
 42 -64 25 86 86 -74 73 91 -8 59 -22 -82 20 15 85 -90 -38 19 25 -21 5 -88 -42)
f =
(65 -65 -79 26 -2 -79 -95 84 -58 83 63 -73 -48 -76 24 41 -92 -21 -20 -83 3 32 -33 -38 -84 0 0 -77 6 60 -100 63 67 -56
 42 -64 25 86 86 -74 73 91 -8 59 -22 -82 20 15 85 -90 -38 19 25 -21 5 -88 -42)

m =
(56 -71 -66 10 14 -28 -68 -90 29 4 -47 87 64 40 62 64 -25 1 -96 74 75 -84 -96 88 -29 5 -6 58 76 -80 80 21 -85 -64 22
 -40 91 43 78 86 -5 -55 -100 -47 15 26 9 -69 -43 7 26 20 23 46 8 -23 69)
x =
(56 -71 -66 10 14 -28 -68 -90 29 4 -47 87 64 40 62 64 -25 1 -96 74 75 -84 -96 88 -29 5 -6 58 76 -80 80 21 -85 -64 22
 -40 91 43 78 86 -5 -55 -100 -47 15 26 9 -69 -43 7 -38 19 25 -21 8 -23 69)
f =
(65 -65 -79 26 -2 -79 -95 84 -58 83 63 -73 -48 -76 24 41 -92 -21 -20 -83 3 32 -33 -38 -84 0 0 -77 6 60 -100 63 67 -56
 42 -64 25 86 86 -74 73 91 -8 59 -22 -82 20 15 85 -90 -38 19 25 -21 5 -88 -42)

m =
(56 -71 -66 10 14 -28 -68 -90 29 4 -47 87 64 40 62 64 -25 1 -96 74 75 -84 -96 88 -29 5 -6 58 76 -80 80 21 -85 -64 22
 -40 91 43 78 86 -5 -55 -100 -47 15 26 9 -69 -43 7 26 20 23 46 8 -23 69)
x =
(65 -65 -79 26 -2 -79 -95 84 -58 83 63 -73 -48 -76 24 41 -92 -21 -20 -83 3 32 -33 -38 -84 0 0 -77 76 -80 80 21 -85 -56
 42 -64 25 86 86 -74 73 91 -8 59 -22 -82 20 15 85 -90 -38 19 25 -21 5 -88 -42)
f =
(65 -65 -79 26 -2 -79 -95 84 -58 83 63 -73 -48 -76 24 41 -92 -21 -20 -83 3 32 -33 -38 -84 0 0 -77 6 60 -100 63 67 -56
 42 -64 25 86 86 -74 73 91 -8 59 -22 -82 20 15 85 -90 -38 19 25 -21 5 -88 -42)

m =
(56 -71 -66 10 14 -28 -68 -90 29 4 -47 87 64 40 62 64 -25 1 -96 74 75 -84 -96 88 -29 5 -6 58 76 -80 80 21 -85 -64 22
 -40 91 43 78 86 -5 -55 -100 -47 15 26 9 -69 -43 7 26 20 23 46 8 -23 69)
x =
(65 -65 -79 26 14 -28 -68 -90 29 4 -47 87 64 40 24 41 -92 -21 -20 -83 3 32 -33 -38 -84 0 0 -77 6 60 -100 63 67 -56 42
 -64 25 86 86 -74 73 91 -8 59 -22 -82 20 15 85 -90 -38 19 25 -21 5 -88 -42)
f =
(65 -65 -79 26 -2 -79 -95 84 -58 83 63 -73 -48 -76 24 41 -92 -21 -20 -83 3 32 -33 -38 -84 0 0 -77 6 60 -100 63 67 -56
 42 -64 25 86 86 -74 73 91 -8 59 -22 -82 20 15 85 -90 -38 19 25 -21 5 -88 -42)

m =
(56 -71 -66 10 14 -28 -68 -90 29 4 -47 87 64 40 62 64 -25 1 -96 74 75 -84 -96 88 -29 5 -6 58 76 -80 80 21 -85 -64 22
 -40 91 43 78 86 -5 -55 -100 -47 15 26 9 -69 -43 7 26 20 23 46 8 -23 69)
x =
(56 -71 -66 10 14 -28 -68 -90 29 4 -47 87 64 40 62 64 -25 1 -96 74 75 -84 -96 88 -29 5 -6 58 76 -80 80 21 -85 -64 22
 -40 91 43 78 86 -5 -55 -100 -47 15 26 9 -69 -43 -90 -38 19 25 -21 5 -23 69)
f =
(65 -65 -79 26 -2 -79 -95 84 -58 83 63 -73 -48 -76 24 41 -92 -21 -20 -83 3 32 -33 -38 -84 0 0 -77 6 60 -100 63 67 -56
 42 -64 25 86 86 -74 73 91 -8 59 -22 -82 20 15 85 -90 -38 19 25 -21 5 -88 -42)

m =
(56 -71 -66 10 14 -28 -68 -90 29 4 -47 87 64 40 62 64 -25 1 -96 74 75 -84 -96 88 -29 5 -6 58 76 -80 80 21 -85 -64 22
 -40 91 43 78 86 -5 -55 -100 -47 15 26 9 -69 -43 7 26 20 23 46 8 -23 69)
x =
(56 -71 -66 10 14 -79 -95 84 -58 83 63 -73 -48 -76 24 41 -92 -21 -20 -83 3 32 -33 -38 -84 0 0 -77 6 60 -100 63 67 -56
 42 -64 25 86 86 -74 73 91 -8 59 -22 -82 20 15 85 7 26 20 23 46 8 -23 69)
f =
(65 -65 -79 26 -2 -79 -95 84 -58 83 63 -73 -48 -76 24 41 -92 -21 -20 -83 3 32 -33 -38 -84 0 0 -77 6 60 -100 63 67 -56
 42 -64 25 86 86 -74 73 91 -8 59 -22 -82 20 15 85 -90 -38 19 25 -21 5 -88 -42)

m =
(56 -71 -66 10 14 -28 -68 -90 29 4 -47 87 64 40 62 64 -25 1 -96 74 75 -84 -96 88 -29 5 -6 58 76 -80 80 21 -85 -64 22
 -40 91 43 78 86 -5 -55 -100 -47 15 26 9 -69 -43 7 26 20 23 46 8 -23 69)
x =
(65 -65 -79 26 -2 -79 -95 84 -58 83 63 -73 -48 -76 24 41 -92 -21 -20 -83 3 32 -33 -38 -84 0 0 -77 6 60 80 21 -85 -64 42
 -64 25 86 86 -74 73 91 -8 59 -22 -82 20 15 85 -90 -38 19 25 -21 5 -88 -42)
f =
(65 -65 -79 26 -2 -79 -95 84 -58 83 63 -73 -48 -76 24 41 -92 -21 -20 -83 3 32 -33 -38 -84 0 0 -77 6 60 -100 63 67 -56
 42 -64 25 86 86 -74 73 91 -8 59 -22 -82 20 15 85 -90 -38 19 25 -21 5 -88 -42)

m =
(56 -71 -66 10 14 -28 -68 -90 29 4 -47 87 64 40 62 64 -25 1 -96 74 75 -84 -96 88 -29 5 -6 58 76 -80 80 21 -85 -64 22
 -40 91 43 78 86 -5 -55 -100 -47 15 26 9 -69 -43 7 26 20 23 46 8 -23 69)
x =
(65 -65 -79 26 -2 -79 -95 84 -58 83 63 -73 -48 -76 24 41 -92 -21 -20 -83 3 32 -33 -38 -84 0 0 -77 6 60 -100 63 67 -56
 42 -64 25 86 86 -74 73 91 -8 -47 15 26 9 -69 -43 7 26 20 23 46 8 -88 -42)
f =
(65 -65 -79 26 -2 -79 -95 84 -58 83 63 -73 -48 -76 24 41 -92 -21 -20 -83 3 32 -33 -38 -84 0 0 -77 6 60 -100 63 67 -56
 42 -64 25 86 86 -74 73 91 -8 59 -22 -82 20 15 85 -90 -38 19 25 -21 5 -88 -42)

NIL